1.000000
1.000000
1.000000
1.000000
1.000000
1.000000
1.000000
1.000000
1.000000
1.000000
1.000000
1.000000
1.000000
1.000000
1.000000
1.000000
1.000000
1.000000
1.000000
1.000000
1.000000
1.000000
1.000000
1.000000
1.000000
1.000000
1.000000
1.000000
1.000000
1.000000
1.000000
1.000000
1.000000
1.000000
1.000000
1.000000
1.000000
1.000000
1.000000
1.000000
1.000000
1.000000
1.000000
1.000000
1.000000
1.000000
1.000000
1.000000
1.000000
1.000000
1.000000
1.000000
1.000000
1.000000
1.000000
1.000000
1.000000
1.000000
1.000000
1.000000
1.000000
1.000000
1.000000
1.000000
1.000000
1.000000
1.000000
1.000000
1.000000
1.000000
1.000000
1.000000
1.000000
1.000000
1.000000
1.000000
1.000000
1.000000
1.000000
1.000000
1.000000
1.000000
1.000000
1.000000
1.000000
1.000000
1.000000
1.000000
1.000000
1.000000
1.000000
1.000000
1.000000
1.000000
1.000000
1.000000
1.000000
1.000000
1.000000
1.000000
1.000000
1.000000
1.000000
1.000000
1.000000
1.000000
1.000000
1.000000
1.000000
1.000000
1.000000
1.000000
1.000000
1.000000
1.000000
1.000000
1.000000
1.000000
1.000000
1.000000
1.000000
1.000000
1.000000
1.000000
1.000000
1.000000
1.000000
1.000000
1.000000
1.000000
1.000000
1.000000
1.000000
1.000000
1.000000
1.000000
1.000000
1.000000
1.000000
1.000000
1.000000
1.000000
1.000000
1.000000
1.000000
1.000000
1.000000
1.000000
1.000000
1.000000
1.000000
1.000000
1.000000
1.000000
1.000000
1.000000
1.000000
1.000000
1.000000
1.000000
1.000000
1.000000
1.000000
1.000000
1.000000
-1.000000
0.000000
-1.000000
0.000000
-1.000000
-0.360000
-1.000000
-1.000000
-0.200000
-0.200000
-0.200000
1.000000
-1.000000
-1.000000
-1.000000
-1.000000
-1.000000
-1.000000
0.200000
0.000000
-0.200000
1.000000
1.000000
1.000000
1.000000
1.000000
1.000000
-1.000000
-1.000000
-1.000000
-1.000000
-1.000000
-1.000000
-1.000000
-0.200000
-0.200000
0.000000
-0.200000
-1.000000
0.000000
1.000000
1.000000
1.000000
-1.000000
-1.000000
-1.000000
-1.000000
-1.000000
-1.000000
-1.000000
0.000000
-0.200000
0.000000
-0.065600
-0.360000
-0.360000
-1.000000
-0.200000
0.000000
0.000000
1.000000
1.000000
1.000000
-1.000000
0.000000
0.000000
0.000000
0.000000
-1.000000
0.000000
-1.000000
0.000000
-1.000000
-0.040000
-1.000000
-0.360000
1.000000
0.000000
0.000000
-1.000000
0.000000
-0.200000
-0.200000
0.000000
-0.008000
-0.200000
0.000000
1.000000
1.000000
-1.000000
0.988010
0.606784
0.137219
-0.000000
0.071174
-0.031734
1.000000
1.000000
-1.000000
-0.040000
-1.000000
0.000000
1.000000
1.000000
1.000000
1.000000
1.000000
0.200000
1.000000
1.000000
1.000000
0.200000
1.000000
-1.000000
0.016320
-0.160000
0.000000
-0.200000
1.000000
1.000000
1.000000
0.040000
1.000000
0.000000
0.128000
1.000000
1.000000
0.000000
0.160000
-0.152239
0.025600
0.000000
0.000000
0.000000
0.000000
0.000000
0.000000
-1.000000
-1.000000
-1.000000
-1.000000
-1.000000
-1.000000
-0.160000
-0.200000
-0.488000
-0.043575
-0.360000
0.000000
-0.836304
-1.000000
-1.000000
-1.000000
-1.000000
-1.000000
-1.000000
-1.000000
-1.000000
-1.000000
-1.000000
-0.200000
0.000000
-0.302400
-0.008389
-0.360000
0.000000
-0.150707
-1.000000
-1.000000
-1.000000
-0.360000
0.000000
-0.360000
0.000000
-0.278080
0.000000
0.000000
0.000000
0.000000
-0.200000
0.000000
0.000000
0.000000
0.000000
0.000000
0.000000
0.000000
0.000000
0.000000
0.000000
0.000000
0.000000
-1.000000
0.000000
0.000000
0.000000
0.000000
-1.000000
0.000000
0.000000
0.000000
0.000000
0.000000
-1.000000
0.000000
0.000000
0.200000
0.000000
0.000000
0.000000
0.000000
0.000000
0.000000
0.000000
0.000000
0.000000
0.000000
0.000000
0.000000
0.040000
0.000000
0.000000
0.200000
0.000000
-0.008000
0.011940
0.010240
-1.000000
0.000000
-0.200000
0.000000
-1.000000
0.000000
-1.000000
1.000000
1.000000
1.000000
0.200000
1.000000
-1.000000
-0.040000
1.000000
1.000000
-1.000000
0.160000
-1.000000
-0.153920
-0.832228
1.000000
1.000000
-1.000000
0.334400
0.000000
0.000000
0.000000
-0.006400
-0.424000
0.000000
0.000000
0.000000
-1.000000
-1.000000
-1.000000
-1.000000
-1.000000
-1.000000
-1.000000
0.000000
0.000000
0.000000
-0.128000
-0.302400
-0.488000
-1.000000
0.000000
-0.200000
0.000000
0.000000
-1.000000
0.168000
-1.000000
-1.000000
-1.000000
0.000000
-1.000000
0.000000
0.000000
-0.200000
0.000000
-0.200000
-0.040000
0.488000
0.044272
-0.062400
-0.227906
-1.000000
-1.000000
-1.000000
-1.000000
-1.000000
-1.000000
-0.200000
-0.360000
-0.230400
0.031240
-0.360000
-0.078080
-0.383007
0.000000
0.000000
0.000000
-1.000000
0.000000
0.000000
0.000000
0.000000
0.000000
-0.040000
-1.000000
0.000000
-1.000000
0.000000
-1.000000
-0.200000
0.000000
-1.000000
0.000000
0.000000
0.000000
0.040000
-1.000000
0.000000
0.000000
0.040000
0.000000
-1.000000
-0.316480
0.000000
0.000000
0.000000
0.000000
0.000000
0.000000
0.000000
0.000000
0.000000
-0.200000
-0.200000
0.000000
0.000000
0.000000
-0.240320
-0.078400
-1.000000
-0.488000
-0.892626
0.000000
-1.000000
-1.000000
0.000000
0.000000
0.000000
1.000000
1.000000
1.000000
0.000000
-0.200000
-0.360000
0.200000
-0.200000
0.000000
-0.088000
0.000000
0.000000
0.000000
0.000000
-0.200000
-0.072000
1.000000
0.000000
-0.200000
-1.000000
0.000000
-0.200000
-0.790285
-0.200000
0.000000
0.000000
-1.000000
1.000000
0.000000
0.000000
-1.000000
0.000000
0.000000
0.000000
0.000000
0.000000
0.000000
-1.000000
0.000000
-0.360000
0.000000
-1.000000
-0.200000
-0.067008
-0.692882
0.000000
0.000000
0.000000
1.000000
1.000000
1.000000
0.000000
1.000000
0.000000
0.200000
1.000000
1.000000
0.000000
0.200000
0.000000
0.000000
-0.040000
1.000000
1.000000
-1.000000
0.200000
0.200000
0.000000
0.000000
0.000000
-0.094518
0.000387
0.000000
0.000000
-0.488000
0.000000
0.000000
0.360000
0.000000
0.168000
-0.288000
-0.040000
0.000000
0.173107
-0.003993
-0.008000
-0.150088
-1.000000
-1.000000
-1.000000
-1.000000
-1.000000
-1.000000
-1.000000
-1.000000
-1.000000
-1.000000
-1.000000
-1.000000
-1.000000
-1.000000
-1.000000
-1.000000
-0.200000
-0.032000
0.000000
-0.200000
-0.488000
-0.360000
0.000000
0.200000
-0.200000
0.200000
-0.200000
0.360000
0.000000
-0.488000
-0.200000
0.461376
-0.471616
0.200000
-0.396970
0.000000
0.000000
0.000000
-1.000000
0.000000
0.000000
0.000000
0.000000
0.000000
0.000000
0.000000
0.000000
0.000000
0.000000
0.000000
0.000000
0.000000
0.000000
0.000000
0.000000
0.200000
0.360000
0.200000
-0.200000
0.000000
0.200000
-0.200000
0.000000
-0.040000
0.000000
0.000000
0.000000
0.000000
0.000000
0.000000
0.000000
0.000000
0.000000
0.128000
0.000000
0.000000
0.000000
0.288000
0.128000
-0.015968
-1.000000
-0.200000
1.000000
1.000000
-1.000000
0.200000
0.000000
0.000000
0.200000
0.000000
-0.200000
-1.000000
-0.254400
-0.430400
-0.590400
0.000000
0.000000
0.000000
-1.000000
0.000000
-0.200000
-0.200000
-0.200000
-0.064000
-0.032000
0.000000
-0.200000
0.000000
-0.200000
-0.200000
-0.200000
0.000000
0.000000
0.040000
0.000000
-0.200000
0.200000
0.000000
-0.200000
0.000000
0.488000
-0.360000
0.200000
-0.051187
0.000000
0.000000
0.000000
0.000000
-0.360000
-0.040000
0.200000
-0.360000
0.000000
-0.096320
0.000000
-0.072000
0.369920
0.174830
0.275973
-0.269153
-1.000000
0.000000
0.000000
0.000000
0.000000
0.000000
0.000000
0.000000
-0.040000
0.000000
0.200000
0.000000
0.200000
0.032000
0.000000
0.000000
0.000000
0.000000
0.000000
-0.040000
0.000000
0.000000
0.000000
-1.000000
-0.168000
-0.200000
-0.072000
0.000000
-0.040000
-0.092160
1.000000
1.000000
0.000000
1.000000
-1.000000
0.040000
-0.209920
-0.097600
0.000000
0.000000
-0.052480
-1.000000
0.000000
-0.360000
-0.200000
1.000000
0.000000
-1.000000
-1.000000
-1.000000
-0.200000
-0.672320
-1.000000
-1.000000
-0.360000
1.000000
1.000000
1.000000
1.000000
1.000000
1.000000
0.000000
0.000000
0.000000
-1.000000
-0.737856
-0.110320
0.000158
0.000000
-1.000000
-1.000000
-0.200000
0.200000
-0.065600
1.000000
1.000000
1.000000
0.000000
0.000000
-1.000000
-1.000000
-0.672320
0.000000
-0.021466
0.000000
-1.000000
-1.000000
-1.000000
-0.184384
-0.462400
-1.000000
0.000000
0.000000
0.000000
1.000000
1.000000
1.000000
0.000000
0.000000
0.000000
0.000000
0.000000
0.000000
0.000000
0.000000
0.000000
0.000000
0.000000
0.000000
0.000000
1.000000
0.000000
0.000000
-1.000000
0.000000
-0.200000
0.000000
0.000000
-0.200000
-0.045120
1.000000
0.000000
1.000000
-1.000000
0.000000
-0.281920
0.000000
0.200000
0.000000
-0.076800
1.000000
1.000000
1.000000
1.000000
1.000000
1.000000
1.000000
0.000000
0.200000
1.000000
1.000000
0.200000
0.328000
0.000000
1.000000
0.200000
1.000000
0.200000
0.160000
1.000000
1.000000
1.000000
0.000000
0.000000
1.000000
0.360000
1.000000
0.000000
0.208389
0.025600
1.000000
0.200000
0.000000
0.794065
0.000000
0.000000
-1.000000
-1.000000
-1.000000
-0.998263
-0.360000
1.000000
0.000000
0.041943
-1.000000
1.000000
0.790285
0.000000
0.000000
-1.000000
-1.000000
1.000000
-0.324160
-0.134400
-1.000000
-1.000000
-1.000000
-1.000000
-1.000000
-1.000000
-1.000000
-1.000000
-1.000000
-1.000000
-0.978098
0.000000
-1.000000
-1.000000
0.000000
0.000000
-0.200000
0.000000
0.052480
0.200000
0.000000
-0.054569
-0.288428
-1.000000
-0.200000
-0.083734
0.000000
0.000000
0.000000
0.000000
0.000000
1.000000
0.000000
1.000000
0.000000
0.000000
0.000000
1.000000
0.000000
0.000000
0.000000
0.000000
0.000000
0.000000
0.000000
0.000000
0.000000
0.000000
0.000000
0.000000
0.000000
0.000000
0.000000
0.000000
-0.200000
0.000000
0.000000
0.000000
0.000000
0.000000
0.000000
0.000000
0.000000
0.000000
0.000000
0.000000
0.000000
0.000000
0.000000
0.016384
0.000000
0.000000
0.000000
0.000000
0.000000
0.000000
0.000000
-1.000000
0.000000
-0.200000
0.000000
1.000000
1.000000
1.000000
0.000000
0.000000
1.000000
0.200000
1.000000
0.000000
0.696959
0.000000
1.000000
0.000000
0.200000
0.262349
0.000000
1.000000
0.000000
1.000000
-1.000000
0.000000
-0.010486
-0.005120
0.014400
0.000000
-0.041492
-1.000000
-1.000000
-0.200000
0.000000
0.000000
-1.000000
-1.000000
1.000000
0.000000
-0.142400
0.000000
-1.000000
-1.000000
-1.000000
-0.328000
-0.192000
-0.360000
0.000000
-1.000000
-1.000000
0.000000
0.000000
-0.360000
-0.472320
-0.012080
-0.072000
0.000000
-0.001521
-0.360000
-1.000000
-0.360000
0.040000
-0.186256
-1.000000
-1.000000
-1.000000
-0.467520
-0.360000
-0.118080
0.000000
-0.020626
-1.000000
-0.360000
-0.020411
-0.126163
-0.194348
-1.000000
-1.000000
-0.360000
-0.090344
-0.567103
-0.200000
0.000000
1.000000
-1.000000
0.000000
0.000000
0.000000
0.000000
0.000000
0.000000
0.000000
0.000000
0.000000
0.000000
0.000000
0.000000
0.000000
0.000000
0.000000
0.000000
0.000000
0.000000
0.000000
0.000000
0.000000
0.000000
0.000000
0.000000
0.000000
0.000000
0.000000
0.000000
0.000000
-0.002835
0.000000
0.000000
0.000000
0.000000
0.001280
-0.006157
0.000000
0.000000
-0.160000
0.000000
-0.040000
1.000000
1.000000
1.000000
1.000000
1.000000
1.000000
1.000000
1.000000
1.000000
1.000000
1.000000
1.000000
1.000000
1.000000
1.000000
1.000000
1.000000
-1.000000
0.188480
1.000000
1.000000
0.200000
-1.000000
-0.200000
1.000000
0.200000
1.000000
-1.000000
0.200000
1.000000
1.000000
1.000000
0.168000
0.000000
1.000000
0.200000
1.000000
0.000000
0.360000
-0.488000
1.000000
0.000000
0.360000
0.307471
0.000000
1.000000
1.000000
1.000000
1.000000
1.000000
1.000000
-1.000000
-1.000000
-1.000000
-1.000000
-1.000000
-1.000000
0.200000
-0.360000
-1.000000
-1.000000
-0.200000
0.200000
-0.040000
1.000000
1.000000
1.000000
1.000000
1.000000
1.000000
-1.000000
0.040000
0.200000
0.000000
1.000000
1.000000
1.000000
1.000000
1.000000
1.000000
1.000000
-1.000000
-1.000000
-1.000000
0.000000
0.000000
0.040000
-1.000000
-0.200000
0.360000
1.000000
1.000000
1.000000
0.000000
0.000000
0.000000
0.000000
0.000000
0.488000
-0.200000
0.000000
0.000000
0.000000
0.000000
0.104000
0.000000
1.000000
1.000000
1.000000
1.000000
1.000000
1.000000
1.000000
0.000000
0.000000
0.000000
0.000000
-1.000000
0.000000
0.000000
0.000000
0.200000
1.000000
1.000000
1.000000
1.000000
1.000000
1.000000
0.000000
0.000000
0.000000
0.000000
0.000000
0.000000
-0.168000
0.000000
-0.200000
0.200000
0.000000
0.000000
0.160000
0.000000
1.000000
0.000000
0.672320
0.000000
0.025600
1.000000
0.000000
0.590400
1.000000
1.000000
0.200000
0.000000
0.000892
1.000000
0.360000
1.000000
0.000000
0.307433
1.000000
-1.000000
0.200000
1.000000
1.000000
0.200000
1.000000
1.000000
0.000000
1.000000
-0.200000
0.000000
1.000000
0.200000
1.000000
0.000000
0.081920
1.000000
0.200000
1.000000
1.000000
0.000000
0.205120
1.000000
1.000000
0.372073
1.000000
0.000000
0.110135
-1.000000
-0.334400
0.141707
-1.000000
-0.040000
0.116635
0.040000
-1.000000
1.000000
0.360000
0.200000
0.000000
0.000000
0.000000
0.000000
0.000000
0.000000
0.000000
0.000000
0.000000
0.000000
0.000000
0.000000
0.000000
0.000000
0.000000
0.000000
0.000000
1.000000
0.000000
0.000000
0.000000
1.000000
0.000000
0.000000
0.000000
0.160000
0.040000
0.000000
0.000000
0.001600
0.360000
0.000000
0.000000
0.000000
0.160000
0.000000
1.000000
0.000000
1.000000
0.000000
0.200000
0.000000
1.000000
0.000000
0.200000
0.328000
0.000000
-1.000000
0.000000
1.000000
0.000000
1.000000
-1.000000
-0.040000
1.000000
0.200000
1.000000
1.000000
-1.000000
0.142400
1.000000
1.000000
0.360000
-0.360000
1.000000
0.360000
0.200000
0.328000
0.071680
1.000000
0.072000
0.160000
1.000000
1.000000
0.200000
-0.057600
-0.006577
1.000000
0.360000
1.000000
0.387416
0.589846
0.430400
0.082640
-1.000000
-1.000000
0.000000
0.360000
0.241820
-1.000000
-1.000000
-1.000000
-0.200000
0.072000
0.011385
-1.000000
0.000000
0.035836
1.000000
0.360000
0.000000
0.000000
1.000000
0.488000
0.072000
-1.000000
-0.200000
0.006400
-1.000000
0.000000
0.008000
0.000000
0.000000
0.000000
0.000000
0.000000
0.000000
0.000000
0.000000
0.000000
0.000000
0.000000
0.000000
0.000000
0.000000
0.000000
0.000000
0.000000
0.000000
0.008000
0.000000
1.000000
-1.000000
0.000000
0.000000
0.000000
0.200000
0.000000
0.000000
0.032000
0.200000
0.000000
0.000000
0.000000
0.000000
0.000000
0.200000
0.160000
0.000000
0.040000
0.200000
0.000000
0.008000
0.000000
0.000000
0.224320
0.078080
1.000000
1.000000
1.000000
1.000000
1.000000
1.000000
1.000000
-0.052429
-0.042418
1.000000
0.200000
1.000000
-0.032000
0.302400
-0.488000
1.000000
0.000000
0.441920
0.314073
0.097344
1.000000
-0.056525
1.000000
-1.000000
0.200000
0.308061
0.000000
0.760887
0.040000
0.374999
1.000000
1.000000
1.000000
0.000000
-0.200000
-1.000000
-1.000000
0.000000
0.000000
0.000000
0.000000
-1.000000
-1.000000
-1.000000
-0.040000
-0.200000
1.000000
1.000000
1.000000
1.000000
1.000000
1.000000
1.000000
-0.790285
0.000000
0.000000
-0.040000
0.000000
0.160000
-1.000000
-0.626445
0.200000
1.000000
1.000000
1.000000
1.000000
1.000000
1.000000
-0.200000
0.000000
-0.128000
-1.000000
-0.200000
0.000000
0.000000
-0.089600
-1.000000
-1.000000
-0.200000
0.360000
0.110681
1.000000
0.000000
0.000000
-1.000000
0.000000
0.000000
0.000000
0.000000
0.000000
0.000000
1.000000
1.000000
1.000000
1.000000
1.000000
1.000000
0.000000
0.000000
0.000000
0.000000
0.000000
0.032000
0.000000
0.000000
0.000000
0.000000
0.000000
0.000000
0.128000
1.000000
1.000000
1.000000
0.000000
0.000000
0.000000
0.000000
0.000000
0.000000
0.000000
-0.040000
0.000000
0.000000
-0.056412
0.328000
0.067863
0.360000
0.000000
0.000000
0.000000
0.097600
1.000000
0.200000
1.000000
0.000000
0.832228
0.000000
1.000000
0.000000
0.000000
0.000000
0.044073
0.000000
0.000000
1.000000
0.000000
1.000000
0.000000
0.000000
1.000000
0.200000
1.000000
1.000000
0.000000
0.000000
1.000000
1.000000
0.488000
0.000000
1.000000
0.360000
0.000000
0.288000
0.000000
1.000000
0.000000
0.160000
1.000000
1.000000
0.488000
0.000000
0.000000
1.000000
0.360000
1.000000
0.425881
0.615507
0.000000
0.000000
-1.000000
-1.000000
0.000000
-0.244209
-0.527936
0.000000
0.044073
0.200000
0.000000
0.000000
0.007636
-1.000000
-0.672320
-0.021157
-1.000000
-1.000000
-1.000000
-1.000000
1.000000
-0.099531
-0.488000
-1.000000
-0.200000
0.000000
0.000000
-0.200000
-0.079860
0.000000
0.000000
0.000000
0.000000
-0.200000
0.000000
0.000000
0.000000
0.000000
0.000000
0.000000
0.000000
0.000000
0.000000
0.000000
0.000000
0.000000
0.000000
0.000000
-0.002458
1.000000
0.000000
-0.200000
0.000000
0.000000
0.000000
0.000000
0.000000
0.000000
0.200000
0.000000
0.000000
0.000000
0.000000
0.000000
0.000000
0.000000
0.000000
0.000000
0.200000
0.000000
0.000000
-0.002515
0.000000
0.128000
0.072000
0.000000
0.000000
1.000000
-1.000000
0.000000
-0.200000
0.000000
0.040000
0.000000
0.000000
0.000000
1.000000
0.360000
0.000000
0.200000
0.000000
1.000000
0.000000
0.160000
1.000000
1.000000
0.200000
-0.325427
0.000000
1.000000
0.482880
1.000000
0.307788
0.619039
0.670483
0.000000
0.198226
-0.004595
-0.003794
1.000000
0.488000
1.000000
0.308842
0.473662
-0.188314
1.000000
0.505443
0.546988
0.403546
0.387682
0.046080
-1.000000
-1.000000
-1.000000
-0.040000
-0.380480
0.000000
0.000000
0.000000
-1.000000
0.000000
0.000000
0.000000
-0.008346
-1.000000
-1.000000
-0.360000
0.072000
-0.149338
1.000000
0.360000
0.000000
-1.000000
-0.200000
0.000000
0.000000
-0.200000
0.040000
-0.125289
-0.006461
0.000000
-1.000000
-1.000000
-0.200000
0.488000
-0.132800
-0.390400
0.000137
0.000000
-0.097600
0.005120
-0.025342
-1.000000
-0.288000
0.023337
0.000000
-0.200000
0.000000
0.000000
0.000000
0.000000
0.000000
0.000000
0.000000
0.000000
0.000000
0.000000
0.000000
0.000000
0.000000
-0.036813
0.000000
0.000000
0.000000
0.200000
0.000000
0.000000
0.160000
0.000000
0.040000
0.200000
0.000000
0.000000
0.000000
0.000000
0.000000
0.040000
0.000000
0.000000
0.000000
0.000000
0.160000
0.000000
0.000000
0.000000
0.000000
0.000000
0.128000
0.112796
0.000000
-0.011701
-0.040000
0.097600
-0.051520
0.106968
0.054370
-1.000000
-0.569920
-0.865782
0.000000
-1.000000
-1.000000
0.000000
0.000000
0.000000
1.000000
1.000000
1.000000
0.000000
0.000000
-0.977685
0.590400
-0.173156
0.590400
0.059533
0.000000
0.000000
0.200000
-0.200000
0.000000
-0.008000
1.000000
0.000000
-0.200000
-1.000000
0.790285
0.221841
-0.013767
-0.200000
-0.200000
-0.040000
-1.000000
1.000000
0.000000
0.000000
-1.000000
0.000000
0.000000
0.000000
0.000000
0.000000
0.000000
-1.000000
0.000000
-0.200000
0.000000
-1.000000
0.000000
-0.914101
-0.360000
1.000000
1.000000
1.000000
0.000000
0.000000
1.000000
0.200000
1.000000
0.328000
0.713607
0.000000
1.000000
0.200000
0.200000
0.820366
0.000000
1.000000
0.000000
1.000000
-1.000000
0.360000
0.562731
0.043355
0.567080
0.000000
0.612095
-0.488000
0.000000
-0.158057
0.360000
0.000000
1.000000
0.790285
1.000000
0.790285
0.597337
0.032000
1.000000
-0.040000
-0.168000
-0.001581
-0.072000
-1.000000
-1.000000
-1.000000
-1.000000
-1.000000
-1.000000
-1.000000
-1.000000
-1.000000
-1.000000
-1.000000
-1.000000
-1.000000
-1.000000
-1.000000
-1.000000
0.000000
0.000000
0.000000
-0.200000
-0.200000
-0.200000
0.000000
0.000000
-0.200000
0.000000
0.000000
0.360000
0.168000
-0.545856
0.000000
0.360000
-0.200000
0.360000
-0.846484
0.000000
0.000000
1.000000
-1.000000
0.000000
0.000000
0.000000
0.000000
0.000000
0.000000
0.000000
0.000000
0.000000
0.000000
0.000000
0.000000
0.000000
0.000000
0.000000
0.000000
0.000000
0.200000
0.000000
0.000000
0.000000
0.000000
-0.200000
0.000000
0.000000
0.000000
0.000000
0.000000
0.000000
0.000000
0.000000
0.200000
0.000000
0.200000
0.005120
0.000000
0.000000
0.000000
0.000000
0.000000
-0.144243
-1.000000
1.000000
0.000000
1.000000
-1.000000
0.668677
0.734725
0.648408
0.360000
0.000000
0.104960
-1.000000
-0.360000
-0.657614
-0.488000
0.000000
0.000000
1.000000
-1.000000
0.000000
-0.200000
0.000000
-0.200000
-0.200000
-0.040000
0.000000
0.000000
0.000000
0.000000
0.000000
-0.200000
0.000000
0.000000
-0.168000
0.000000
-0.524864
0.488000
-0.200000
-0.200000
0.000000
0.000000
-0.200000
0.708365
-0.405834
0.000000
0.000000
-0.040000
0.200000
-0.040000
0.000000
0.488000
0.000000
0.488000
0.104998
-0.021392
0.000000
0.328000
-0.071370
0.232869
-0.434672
-1.000000
0.000000
0.000000
0.000000
0.000000
0.000000
0.000000
0.000000
0.000000
0.000000
0.000000
0.000000
0.000000
0.000000
0.000000
0.000000
0.000000
0.000000
0.360000
-0.014400
0.000000
0.000000
0.000000
-1.000000
-0.200000
0.040000
0.000000
0.000000
-0.067843
-0.040000
1.000000
1.000000
1.000000
1.000000
1.000000
1.000000
1.000000
-1.000000
-0.200000
1.000000
0.000000
1.000000
-1.000000
0.360000
-1.000000
1.000000
-1.000000
-0.040000
-1.000000
-0.360000
1.000000
0.000000
1.000000
-1.000000
0.200000
0.200000
0.040000
0.000000
0.000000
-0.360000
1.000000
1.000000
1.000000
-1.000000
-1.000000
-1.000000
-1.000000
-1.000000
-1.000000
-1.000000
0.000000
0.000000
0.000000
-0.200000
0.000000
-0.200000
1.000000
1.000000
1.000000
1.000000
1.000000
1.000000
1.000000
-1.000000
-1.000000
-1.000000
0.000000
-1.000000
0.000000
0.200000
-0.360000
0.672320
1.000000
1.000000
1.000000
1.000000
1.000000
1.000000
-1.000000
-1.000000
-1.000000
-1.000000
-1.000000
-1.000000
-0.200000
-0.488000
0.200000
0.200000
-0.200000
0.200000
0.307884
1.000000
0.000000
0.000000
-1.000000
0.000000
0.000000
0.000000
0.000000
0.000000
0.000000
1.000000
1.000000
1.000000
1.000000
1.000000
1.000000
0.000000
-1.000000
0.000000
0.000000
0.000000
0.000000
-1.000000
-0.200000
0.000000
0.000000
0.000000
-1.000000
-0.096320
1.000000
1.000000
1.000000
0.000000
-0.200000
0.000000
0.000000
0.000000
0.000000
0.000000
-0.200000
0.000000
0.000000
0.102400
-0.160000
-0.019520
0.000000
0.233024
0.000000
0.672320
0.000000
1.000000
0.200000
1.000000
0.000000
0.502057
0.000000
1.000000
0.000000
0.382875
-0.000012
0.083757
-1.000000
0.000000
1.000000
0.000000
1.000000
-1.000000
0.040000
1.000000
0.200000
1.000000
1.000000
-1.000000
0.000000
1.000000
1.000000
0.374080
0.000000
1.000000
0.000000
0.000000
-0.128000
-0.072000
1.000000
0.000000
0.000000
1.000000
1.000000
0.386304
-0.126024
-0.033600
1.000000
0.394806
1.000000
0.032755
0.488998
0.000000
0.000000
-0.890274
-0.000440
-0.506714
0.000000
0.000348
-1.000000
-1.000000
-1.000000
0.000000
0.000000
-0.805552
-0.133029
-0.740043
-0.011518
-1.000000
-1.000000
-1.000000
-1.000000
1.000000
0.000000
-0.488000
0.000000
-0.184384
-0.082830
-1.000000
-0.200000
-0.190935
0.000960
0.000000
0.000000
0.000000
0.000000
0.000000
0.000000
0.000000
0.000000
0.000000
0.000000
0.000000
0.000000
0.000000
0.000000
0.000000
0.000000
0.000000
0.000000
0.000000
1.000000
-1.000000
0.000000
0.000000
0.000000
0.000000
0.000000
0.000000
0.000000
0.000000
0.000000
0.000000
0.000000
0.000000
0.000000
0.000000
0.000000
0.000000
0.000000
0.000000
0.000000
0.000000
0.000000
0.000000
0.136000
0.099238
0.000000
0.000000
1.000000
-1.000000
0.200000
0.488000
0.000000
0.200000
0.000000
0.036208
-1.000000
1.000000
-1.000000
0.065600
-1.000000
-0.200000
1.000000
-1.000000
0.000000
1.000000
1.000000
0.200000
-1.000000
0.000000
1.000000
0.334400
1.000000
-1.000000
0.086926
0.750230
-0.033600
-0.360000
0.590400
0.000000
1.000000
0.360000
1.000000
0.000000
0.328000
-0.120000
1.000000
0.147571
0.550046
0.029111
-0.005187
0.000000
-0.590400
0.200000
-0.086516
0.313920
0.008737
-1.000000
-1.000000
-1.000000
-1.000000
-1.000000
-1.000000
-0.200000
-0.488000
0.000000
0.037848
-0.488000
0.064000
-0.585107
1.000000
-1.000000
0.000000
0.000000
0.000000
0.000000
-1.000000
0.200000
0.000000
0.000000
-0.446016
-0.040000
-0.334400
0.008000
-0.040000
0.360000
-0.077161
-1.000000
-1.000000
-1.000000
0.000000
0.000000
-0.245965
0.000000
-0.569920
-0.074190
0.000000
0.000000
0.000000
0.000000
0.000000
0.000000
0.000000
0.000000
0.000000
0.000000
0.000000
0.000000
0.000000
0.000000
0.000000
-0.116249
-1.000000
0.000000
0.000000
0.000000
0.000000
-1.000000
-0.096320
0.000000
0.000000
0.200000
0.000000
-1.000000
-0.200000
0.000000
0.000000
-0.016566
0.000000
0.000000
0.000000
0.200000
0.168000
-0.017600
0.000000
0.000000
0.000000
0.000000
0.168000
0.040000
0.000000
-0.072000
0.000000
0.064000
-0.021527
0.040000
-0.001747
1.000000
1.000000
-0.885563
1.000000
-1.000000
0.737856
-0.800971
-0.694398
0.000000
0.118080
-0.488000
-1.000000
-0.201892
-0.488000
-0.590400
1.000000
0.000000
0.000000
-1.000000
0.000000
-0.200000
-0.790285
0.000000
0.000000
0.000000
1.000000
1.000000
1.000000
1.000000
1.000000
1.000000
-0.200000
0.000000
-0.160000
-0.040000
-0.829254
0.105268
0.000000
0.000000
-0.288000
0.360000
-0.230756
0.360000
0.219172
1.000000
1.000000
1.000000
-0.200000
-0.737856
0.000000
0.000000
-0.590400
0.076017
-0.010217
0.000000
-0.200000
0.590400
0.128027
0.345831
0.007992
-1.000000
0.000000
0.000000
0.000000
1.000000
1.000000
1.000000
0.000000
0.000000
0.000000
0.000000
0.000000
0.000000
0.000000
0.000000
0.000000
0.000000
0.000000
-0.200000
-0.075200
1.000000
0.000000
0.000000
-1.000000
0.000000
-0.200000
0.000000
0.000000
0.000000
-0.040000
0.032000
0.015944
1.000000
-1.000000
0.288000
-0.088756
-0.010692
0.001969
-0.002356
-0.008226
0.000000
1.000000
0.000000
0.000000
0.200000
0.000000
1.000000
0.000000
0.000000
1.000000
1.000000
0.360000
0.000000
0.000000
1.000000
0.360000
1.000000
0.217900
0.655936
0.783805
0.134446
0.075571
0.230400
0.000000
1.000000
0.590400
1.000000
0.423909
0.525131
-0.076086
1.000000
0.429169
0.589911
0.440847
0.422018
0.000000
0.000000
0.001687
-0.472320
-0.181443
-0.150080
0.000000
-0.072000
-0.360000
0.000000
-0.360000
0.267350
0.000000
-0.431546
-0.200000
0.018932
0.000000
0.015471
-0.050119
-1.000000
-1.000000
-1.000000
-1.000000
-1.000000
-1.000000
-1.000000
-1.000000
-1.000000
-1.000000
-0.360000
-0.488000
-0.360000
0.000000
-0.051520
-0.084032
-0.991578
0.000000
0.000000
0.000000
-0.360000
0.040000
-0.804403
0.000000
-0.814896
-0.335531
0.000000
0.000000
0.000000
0.000000
0.000000
0.000000
0.000000
0.000000
0.000000
0.000000
0.000000
0.000000
0.000000
0.000000
0.000000
-0.060186
0.000000
0.000000
0.000000
0.000000
0.000000
0.000000
0.000000
0.000000
0.000000
0.000000
0.000000
0.000000
0.000000
0.000000
-0.134400
0.046400
0.000000
0.000000
0.000000
0.000000
0.000000
0.000000
0.000000
0.000000
0.000000
0.000000
0.000000
0.180867
0.000000
-0.142563
0.200000
0.057600
-0.059200
0.040000
0.048922
-1.000000
-0.790285
-0.588396
-0.409920
0.658071
-0.040000
0.000000
0.200000
0.000000
1.000000
0.360000
1.000000
0.170471
0.327936
0.000000
1.000000
0.284491
0.713968
0.018240
-0.068984
0.594500
0.017828
1.000000
-1.000000
0.111706
-0.100216
-0.074433
0.413665
0.361783
-0.064174
0.000000
-0.360000
-0.014179
0.000000
-0.200000
0.000000
0.000000
0.000000
0.000000
-0.328000
0.000000
0.000000
0.000000
-0.128000
0.005374
-0.377766
0.200000
-0.160000
-0.200000
0.000000
-0.360000
0.200000
-0.263949
0.000000
0.000000
0.000000
0.000000
0.000000
-0.208292
0.000000
-0.833329
0.267521
0.000000
-0.200000
0.200000
-0.200000
-0.028890
-0.386019
0.000000
0.000000
-0.360000
0.000000
-0.128000
0.032559
0.000000
-0.466422
-0.328000
0.128741
-0.430845
0.299743
-0.147292
0.000000
0.000000
0.000000
-1.000000
0.000000
0.000000
-0.040000
0.000000
-0.032000
0.000000
0.000000
0.000000
0.000000
0.000000
0.000000
-0.072000
0.000000
0.000000
0.000000
0.000000
0.000000
0.113984
0.000000
-0.052073
0.000000
0.113193
-0.127091
0.000000
0.000498
0.000000
-0.040000
-0.008000
0.000000
0.000000
0.000000
0.057195
-0.040000
0.008591
0.020863
0.000000
-0.040000
0.069872
0.152122
0.000550
-0.191115
1.000000
1.000000
1.000000
0.000000
-1.000000
-0.001845
0.590400
0.096163
0.360000
-0.044564
0.000000
-1.000000
-0.200000
0.000000
0.000000
-1.000000
-1.000000
1.000000
-1.000000
0.000000
-1.000000
0.000000
-1.000000
-0.200000
-1.000000
-1.000000
0.000000
-1.000000
-0.488000
-1.000000
-0.200000
0.000000
-1.000000
-0.200000
0.000000
0.000000
0.000000
-1.000000
-0.200000
0.000000
-0.016384
0.000000
-1.000000
-0.302400
-1.000000
0.000000
-1.000000
-1.000000
-0.200000
0.200000
0.000000
0.000000
-1.000000
-0.462400
-1.000000
0.000000
-1.000000
-0.456256
-1.000000
-0.360000
-1.000000
0.000000
0.000000
0.000000
0.000000
0.000000
0.000000
0.000000
0.000000
0.000000
0.000000
0.000000
0.000000
0.000000
0.000000
0.000000
0.000000
0.000000
0.000000
0.000000
0.000000
0.000000
0.000000
-1.000000
0.000000
0.000000
0.000000
-0.200000
0.000000
0.000000
1.000000
-1.000000
-1.000000
-1.000000
-1.000000
-1.000000
-1.000000
0.200000
-0.200000
0.000000
1.000000
1.000000
1.000000
1.000000
1.000000
1.000000
-1.000000
-1.000000
-1.000000
-1.000000
-1.000000
-1.000000
1.000000
1.000000
0.360000
0.000000
-0.200000
0.000000
0.040000
1.000000
1.000000
1.000000
-1.000000
-1.000000
-1.000000
-1.000000
-1.000000
-1.000000
-1.000000
1.000000
-0.168000
0.000000
0.168000
0.000000
-0.200000
-1.000000
1.000000
-1.000000
-0.040000
-1.000000
0.000000
-1.000000
-1.000000
-1.000000
-1.000000
-1.000000
-1.000000
-1.000000
-0.360000
1.000000
0.200000
1.000000
-1.000000
-0.488000
-1.000000
-1.000000
-1.000000
-1.000000
-1.000000
-1.000000
-1.000000
-1.000000
-1.000000
-1.000000
-1.000000
0.000000
-0.200000
0.000000
0.000000
-1.000000
-0.160000
-1.000000
-1.000000
-1.000000
0.000000
-1.000000
0.000000
0.488000
-0.040000
0.000000
0.000000
0.000000
0.000000
-1.000000
-1.000000
-1.000000
-1.000000
-1.000000
-1.000000
-1.000000
0.000000
1.000000
0.000000
0.000000
0.000000
-0.200000
0.000000
0.000000
0.000000
0.000000
0.000000
0.000000
-0.200000
-1.000000
-1.000000
-1.000000
0.000000
0.000000
0.000000
0.000000
-0.200000
0.000000
0.000000
0.000000
0.000000
0.000000
0.000000
0.000000
-1.000000
-1.000000
-1.000000
-1.000000
-1.000000
-1.000000
0.000000
0.000000
0.000000
0.040000
-0.200000
0.000000
-0.160000
-1.000000
0.000000
0.000000
0.000000
1.000000
1.000000
1.000000
1.000000
1.000000
-0.160000
0.000000
-0.360000
0.000000
0.040000
1.000000
-0.040000
0.000000
0.200000
0.000000
0.000000
1.000000
1.000000
-0.590400
-1.000000
0.000000
0.000000
-0.360000
0.000000
-0.008000
0.000000
-1.000000
-0.360000
-1.000000
-1.000000
0.000000
1.000000
0.000000
1.000000
-1.000000
-0.360000
-1.000000
1.000000
-1.000000
-0.288000
-1.000000
-0.590400
-1.000000
0.000000
-0.708365
0.000000
0.000000
-1.000000
0.000000
-0.360000
0.000000
0.000000
0.000000
-1.000000
0.000000
-0.079523
-0.184320
0.000000
-1.000000
-0.072000
-1.000000
-0.200000
-1.000000
-0.360000
-0.360000
-1.000000
-0.328000
0.472320
-0.160092
-0.181542
-1.000000
-0.360000
0.139468
-0.073184
-0.301906
-1.000000
-0.596822
0.000000
0.000000
1.000000
-1.000000
0.000000
0.000000
-0.200000
0.000000
0.000000
-0.200000
0.000000
0.000000
0.000000
0.000000
0.000000
0.000000
0.000000
0.000000
0.000000
0.000000
0.000000
0.000000
0.000000
0.000000
0.000000
0.000000
0.000000
0.000000
0.000000
0.000000
0.000000
0.000000
0.000000
0.000000
0.000000
0.000000
-0.200000
0.000000
-0.200000
0.000000
0.000000
0.000000
0.000000
-0.200000
-0.040000
1.000000
1.000000
1.000000
1.000000
1.000000
1.000000
1.000000
1.000000
1.000000
1.000000
1.000000
0.000000
-1.000000
-0.041943
-1.000000
-0.606980
1.000000
1.000000
1.000000
0.000000
0.988471
0.200000
1.000000
1.000000
0.000000
0.000000
0.280794
-1.000000
0.360000
0.040000
-0.032000
0.000000
1.000000
1.000000
0.724749
0.000000
0.000000
0.000000
0.200000
1.000000
0.144294
0.000000
0.230400
0.000000
0.000000
-1.000000
0.000000
-1.000000
-0.360000
-1.000000
-0.590400
-1.000000
-1.000000
-1.000000
-1.000000
-1.000000
-1.000000
-1.000000
0.000000
-0.360000
0.000000
-0.360000
-1.000000
-0.488000
1.000000
-1.000000
0.000000
0.000000
0.102400
0.000000
-1.000000
0.000000
0.000000
0.076800
-1.000000
0.000000
0.000000
0.000000
0.000000
-1.000000
-0.508480
-1.000000
-1.000000
-1.000000
0.000000
-1.000000
-0.200000
-0.032000
-0.834899
-0.072000
0.000000
0.000000
0.000000
0.000000
0.000000
0.000000
0.000000
0.000000
0.200000
0.000000
0.000000
0.000000
0.000000
0.160000
-0.200000
0.000000
-1.000000
-0.200000
0.000000
0.000000
0.000000
-1.000000
0.000000
0.000000
0.000000
0.000000
0.000000
-1.000000
0.200000
0.000000
0.000000
0.000000
0.000000
0.000000
0.000000
0.000000
-0.200000
-0.072000
0.000000
0.000000
0.000000
0.000000
-0.200000
0.000000
0.000000
0.000000
0.000000
0.040000
-0.040000
0.000000
-0.006400
1.000000
0.000000
0.000000
0.000000
0.344320
0.027888
-1.000000
-1.000000
-1.000000
-1.000000
-1.000000
-1.000000
1.000000
1.000000
-0.167037
0.000000
-0.779799
0.200000
0.892626
1.000000
1.000000
1.000000
0.000000
0.160000
0.687885
-1.000000
1.000000
1.000000
0.200000
1.000000
1.000000
0.000000
0.000000
0.000000
0.476480
0.114576
-1.000000
-1.000000
-1.000000
1.000000
1.000000
1.000000
-0.002199
0.360000
0.200000
1.000000
-1.000000
-0.360000
0.000000
0.102400
0.046080
-1.000000
0.000000
0.000000
0.000000
-1.000000
1.000000
0.000000
0.360000
0.000000
0.000000
0.000000
0.000000
0.000000
0.000000
0.000000
0.000000
-1.000000
-1.000000
-1.000000
0.000000
0.000000
0.000000
0.000000
0.000000
0.000000
1.000000
0.000000
0.200000
0.200000
1.000000
0.000000
0.000000
0.000000
0.200000
0.040000
-1.000000
0.000000
0.200000
0.000000
0.590400
0.124160
0.040000
1.000000
1.000000
0.000000
0.000000
0.000000
0.000000
0.200000
1.000000
-0.008389
0.000000
0.160000
0.000000
0.000000
1.000000
1.000000
0.000000
0.000000
0.000000
-1.000000
-0.129600
1.000000
1.000000
0.737856
1.000000
1.000000
1.000000
0.000000
0.127999
0.200000
1.000000
0.000000
0.000000
0.042560
0.160000
0.028480
1.000000
1.000000
1.000000
0.040000
0.188480
0.328000
1.000000
1.000000
0.010486
0.140800
0.003608
0.360000
0.471355
-1.000000
-0.200000
0.000000
-0.040000
0.000000
-1.000000
-0.827210
-1.000000
-1.000000
-1.000000
0.000000
-1.000000
-0.200000
0.000000
-0.488000
-0.072000
1.000000
0.000000
0.200000
0.000000
1.000000
-1.000000
0.000000
0.000000
0.097536
0.049984
-1.000000
-0.081984
0.000000
0.103916
0.000000
0.000000
0.000000
0.000000
0.000000
0.000000
0.000000
0.000000
0.000000
0.000000
0.000000
0.000000
0.000000
0.000000
0.000000
0.000000
-0.040000
0.000000
0.000000
1.000000
-1.000000
0.000000
0.000000
0.000000
0.017600
0.000000
0.000000
0.000000
0.002051
0.000000
0.000000
0.000000
0.000000
0.000000
0.000000
0.005120
0.000000
0.000000
0.000000
0.000000
0.000000
0.000000
0.002621
0.000000
0.020800
1.000000
1.000000
1.000000
1.000000
0.000000
-0.059187
0.000000
1.000000
1.000000
0.000000
0.000000
0.184214
0.000000
0.312320
1.000000
0.000000
0.000000
-0.006898
0.000000
-0.006692
0.000000
1.000000
0.023947
-1.000000
-0.040000
0.200000
0.000000
0.000000
-0.000070
0.000000
-1.000000
0.000000
-1.000000
-1.000000
0.000000
0.000000
0.000000
-0.360000
-1.000000
-0.200000
-1.000000
0.000000
-1.000000
-0.200000
-1.000000
-0.360000
-1.000000
-0.200000
0.000000
-0.072000
0.000000
-1.000000
-0.360000
-0.360000
0.000000
-0.010486
0.000000
-1.000000
-0.160000
0.000000
-0.008899
0.000000
-1.000000
0.000000
-1.000000
-0.360000
-1.000000
-0.488000
-0.200000
-1.000000
0.000000
0.000000
-0.608060
0.000000
-1.000000
-0.590400
0.000000
-0.040000
-0.412341
-1.000000
-0.765522
0.000000
0.000000
0.000000
-1.000000
0.000000
0.000000
0.000000
0.000000
0.000000
0.000000
0.000000
0.000000
0.000000
0.000000
0.000000
0.000000
0.000000
0.000000
0.000000
0.000000
0.000000
0.000000
0.000000
0.000000
0.000000
0.000000
0.000000
0.000000
0.000000
0.000000
0.000000
0.000000
0.000000
0.000000
0.000000
0.000000
-0.152015
0.000000
0.000000
0.000000
0.000000
0.000000
0.000000
0.000000
-0.040000
0.914101
0.000000
0.000000
-1.000000
-1.000000
-1.000000
-1.000000
-1.000000
-1.000000
-1.000000
1.000000
-0.200000
0.000000
-0.102400
0.823839
-0.334400
1.000000
1.000000
0.000000
0.000000
0.000000
0.000000
0.200000
-1.000000
-1.000000
-1.000000
1.000000
1.000000
1.000000
0.000000
-0.040000
0.200000
1.000000
0.000000
0.000000
0.200000
0.000000
0.000000
-1.000000
-1.000000
-1.000000
-1.000000
-1.000000
-1.000000
1.000000
1.000000
0.008000
0.000000
-0.417293
0.360000
-0.322815
-1.000000
-0.200000
0.255029
0.127952
0.000000
-1.000000
0.005120
-1.000000
-1.000000
-1.000000
-0.360000
-1.000000
-0.761994
0.200000
-0.065600
0.001600
-1.000000
-1.000000
-1.000000
-1.000000
1.000000
-1.000000
-0.200000
0.033587
-0.073587
0.058483
-1.000000
0.000000
0.000000
0.072000
0.000000
0.000000
0.000000
0.000000
0.000000
0.000000
-1.000000
-1.000000
-1.000000
-1.000000
-1.000000
-1.000000
0.000000
-0.200000
0.000000
0.000000
-0.200000
0.000000
0.000000
1.000000
0.000000
0.000000
0.000000
0.000000
0.000000
-1.000000
0.000000
0.000000
0.000000
0.000000
0.000000
0.000000
0.000000
0.000000
0.000000
0.000000
-1.000000
-1.000000
-1.000000
0.000000
0.000000
0.000000
0.000000
0.005120
0.040000
0.000000
1.000000
-0.360000
-1.000000
0.000000
0.000000
0.000000
0.000000
-0.064000
0.000000
1.000000
0.000000
0.000000
0.200000
0.000000
0.000000
1.000000
1.000000
1.000000
0.000000
0.006400
0.200000
1.000000
1.000000
0.000000
0.000000
0.000000
0.000000
0.128000
0.488000
0.000000
0.000000
1.000000
1.000000
0.003207
0.040000
-0.360000
0.200000
0.528511
1.000000
0.000000
0.000000
-0.004096
0.160000
0.034047
-1.000000
0.022146
-1.000000
-0.200000
-1.000000
-0.635456
-0.200000
-1.000000
0.000000
0.488000
-0.772437
0.000000
-1.000000
-0.360000
0.000000
0.000000
-0.385844
-1.000000
-0.538037
1.000000
-1.000000
0.000000
0.000000
0.200000
0.000000
-0.040000
-0.147520
0.000000
0.006400
-1.000000
-0.360000
0.004863
0.002992
-0.009514
-1.000000
-0.694412
-0.448094
0.000000
-0.494699
-0.379601
-1.000000
-0.520524
0.053203
-0.429453
-0.480209
0.000000
0.000000
0.000000
0.000000
0.000000
0.000000
0.000000
0.000000
0.000000
-0.160000
0.000000
0.000000
0.000000
0.000000
-0.160000
-0.040000
0.000000
0.000000
0.000000
0.000000
0.000000
0.000000
0.000000
0.000000
0.000000
0.000000
0.000000
0.000000
0.000000
0.000000
0.000000
0.064000
0.000000
0.000000
0.000000
0.000000
-0.200000
-0.072000
-0.200000
0.000000
0.000000
0.000000
-0.262400
0.040000
0.040000
-0.057600
0.000000
0.000000
-0.040000
0.040000
-0.067001
1.000000
1.000000
1.000000
1.000000
1.000000
1.000000
1.000000
1.000000
1.000000
1.000000
1.000000
1.000000
1.000000
1.000000
1.000000
1.000000
0.000000
0.000000
0.000000
0.000000
0.000000
0.000000
0.360000
0.032000
0.360000
0.200000
0.032000
0.360000
0.768763
1.000000
1.000000
1.000000
0.737856
0.046080
0.000000
0.000000
0.000000
0.000000
0.488000
0.000000
0.000000
0.000000
0.200000
0.200000
0.000000
-1.000000
-1.000000
-1.000000
-1.000000
-1.000000
0.000000
1.000000
-1.000000
-0.088000
-1.000000
1.000000
0.000000
-1.000000
-0.200000
-1.000000
-1.000000
1.000000
-1.000000
0.000000
1.000000
-1.000000
-0.360000
-1.000000
-0.672320
0.000000
0.000000
0.000604
0.035744
-0.006179
-1.000000
0.000000
-1.000000
-1.000000
0.000000
-1.000000
0.000000
0.281920
0.032000
0.360000
0.020480
-1.000000
-0.462400
-1.000000
-0.136950
0.066880
0.000000
0.000000
0.000000
0.000000
0.000000
1.000000
0.000000
1.000000
0.000000
0.000000
0.000000
1.000000
0.000000
0.000000
0.000000
0.000000
0.000000
0.000000
0.000000
0.000000
0.000000
0.000000
0.000000
0.000000
0.000000
0.000000
0.000000
0.000000
0.000000
0.000000
0.000000
0.000000
0.000000
0.000000
0.000000
0.000000
0.000000
0.000000
0.000000
0.000000
0.000000
0.000000
0.160000
0.000000
0.000000
0.000000
0.000000
0.000000
0.000000
0.000000
0.000000
1.000000
1.000000
1.000000
1.000000
1.000000
1.000000
-1.000000
-1.000000
-1.000000
-1.000000
-1.000000
-1.000000
0.636020
0.000000
1.000000
0.000000
1.000000
0.200000
0.000000
1.000000
1.000000
1.000000
1.000000
1.000000
1.000000
-1.000000
0.000000
0.000000
0.200000
1.000000
1.000000
1.000000
1.000000
1.000000
1.000000
1.000000
-1.000000
-1.000000
-1.000000
0.000000
0.200000
0.168000
0.000000
0.360000
0.200000
1.000000
-1.000000
-0.590400
-1.000000
1.000000
0.000000
-1.000000
1.000000
0.790285
1.000000
-1.000000
1.000000
0.000000
0.000000
0.737856
0.000000
0.000000
1.000000
0.000000
1.000000
0.000000
0.200000
-1.000000
-1.000000
-1.000000
1.000000
0.000000
0.000000
1.000000
1.000000
0.000000
1.000000
0.000000
0.000000
0.000000
1.000000
0.000000
0.000000
0.000000
0.000000
0.000000
-1.000000
0.000000
0.040000
0.000000
1.000000
1.000000
1.000000
0.488000
-0.200000
1.000000
0.000000
1.000000
0.000000
0.000000
0.000000
1.000000
0.000000
0.000000
0.200000
0.000000
1.000000
1.000000
1.000000
1.000000
1.000000
1.000000
1.000000
0.000000
0.000000
0.000000
0.000000
0.000000
0.200000
0.000000
0.288000
0.488000
1.000000
1.000000
1.000000
1.000000
1.000000
1.000000
-0.462400
0.000000
-0.017254
0.200000
0.200000
0.000000
0.462400
0.004291
0.360000
0.200000
0.097600
0.200000
0.569920
-1.000000
0.000000
-1.000000
-1.000000
1.000000
-1.000000
0.000000
1.000000
0.088000
1.000000
1.000000
-1.000000
-0.488000
-1.000000
1.000000
0.000000
1.000000
0.000000
0.000000
0.705568
1.000000
-1.000000
-0.200000
-1.000000
0.200000
0.000000
0.856051
0.605016
0.310088
0.360000
0.000000
1.000000
0.000000
0.000000
0.000000
0.000000
1.000000
0.000000
0.000000
1.000000
1.000000
0.000000
0.000000
0.000000
1.000000
0.000000
1.000000
0.000000
0.000000
1.000000
0.000000
0.000000
0.000000
0.000000
0.200000
0.000000
0.000000
0.000000
0.000000
0.000000
0.000000
0.000000
0.000000
0.000000
0.000000
0.000000
0.164013
0.000000
0.000000
0.000000
0.000000
0.000000
0.000000
0.200000
0.040000
-1.000000
-1.000000
-1.000000
-1.000000
-1.000000
-1.000000
-1.000000
-1.000000
-1.000000
-1.000000
-1.000000
-1.000000
-1.000000
-1.000000
-1.000000
-1.000000
-1.000000
-1.000000
-1.000000
-1.000000
-1.000000
-1.000000
-1.000000
-1.000000
-1.000000
-1.000000
-1.000000
-1.000000
-1.000000
-1.000000
-1.000000
-1.000000
-1.000000
-1.000000
-1.000000
-1.000000
-1.000000
-1.000000
-1.000000
-1.000000
-1.000000
-1.000000
-1.000000
-1.000000
-1.000000
-1.000000
-1.000000
-1.000000
-1.000000
-1.000000
-1.000000
-1.000000
-1.000000
-1.000000
-1.000000
-1.000000
-1.000000
-1.000000
-1.000000
-1.000000
-1.000000
-1.000000
-1.000000
-1.000000
-1.000000
-1.000000
-1.000000
-1.000000
-1.000000
-1.000000
-1.000000
-1.000000
-1.000000
-1.000000
-1.000000
-1.000000
-1.000000
-1.000000
-1.000000
-1.000000
-1.000000
-1.000000
-1.000000
-1.000000
-1.000000
-1.000000
-1.000000
-1.000000
-1.000000
-1.000000
-1.000000
-1.000000
-1.000000
-1.000000
-1.000000
-1.000000
-1.000000
-1.000000
-1.000000
-1.000000
-1.000000
-1.000000
-1.000000
-1.000000
-1.000000
-1.000000
-1.000000
-1.000000
-1.000000
-1.000000
-1.000000
-1.000000
-1.000000
-1.000000
-1.000000
-1.000000
-1.000000
-1.000000
-1.000000
-1.000000
-1.000000
-1.000000
-1.000000
-1.000000
-1.000000
-1.000000
-1.000000
-1.000000
-1.000000
-1.000000
-1.000000
-1.000000
-1.000000
-1.000000
-1.000000
-1.000000
-1.000000
-1.000000
-1.000000
-1.000000
-1.000000
-1.000000
-1.000000
-1.000000
-1.000000
-1.000000
-1.000000
-1.000000
-1.000000
-1.000000
-1.000000
-1.000000
-1.000000
-1.000000
-1.000000
-1.000000
-1.000000
-1.000000
-1.000000
-1.000000
-1.000000
1.000000
1.000000
1.000000
1.000000
1.000000
1.000000
1.000000
1.000000
1.000000
1.000000
1.000000
1.000000
1.000000
1.000000
1.000000
1.000000
0.200000
-0.360000
0.200000
0.200000
0.000000
0.000000
0.200000
0.000000
0.000000
0.000000
-0.200000
0.000000
-0.024000
0.000000
0.008000
0.000000
0.000000
0.000000
0.000000
0.000000
0.000000
0.000000
-0.488000
0.000000
-0.040000
0.000000
0.200000
0.360000
0.200000
-0.360000
0.000000
0.360000
-0.200000
0.488000
0.845245
-1.000000
-0.200000
-1.000000
-1.000000
0.000000
-1.000000
0.000000
0.000000
0.000000
0.000000
0.000000
-1.000000
-0.160000
-1.000000
-0.200000
0.000000
1.000000
0.000000
0.190400
0.590400
1.000000
-1.000000
-0.200000
-1.000000
-0.040000
0.000000
0.040000
-0.168000
0.006400
0.086715
0.000000
0.000000
0.000000
0.000000
-0.200000
-0.200000
0.000000
0.000000
0.000000
0.000000
0.000000
0.200000
0.000000
-0.200000
0.000000
0.000000
0.000000
0.000000
0.000000
1.000000
0.000000
0.000000
0.000000
0.000000
0.000000
0.000000
0.000000
0.000000
0.000000
0.000000
0.000000
0.000000
0.000000
0.000000
0.000000
0.000000
0.000000
0.000000
0.040000
0.000000
0.000000
0.000000
0.000000
0.000000
0.092462
0.360000
0.000000
0.000000
0.200000
0.000000
0.200000
0.200000
-1.000000
-1.000000
-1.000000
0.000000
0.186256
0.000000
0.000000
0.088000
0.072000
1.000000
0.000000
0.200000
0.000000
1.000000
0.000000
-0.040000
0.000000
0.000000
0.590400
-1.000000
-0.200000
0.040000
0.000000
1.000000
0.561735
0.892626
0.000000
1.000000
1.000000
0.000000
0.000000
0.000000
-0.200000
0.000000
-1.000000
0.000000
0.000000
0.000000
1.000000
1.000000
0.000000
0.000000
0.200000
-0.200000
0.000000
0.200000
0.000000
-0.200000
0.000000
-0.360000
0.000000
0.200000
0.000000
0.000000
0.200000
0.200000
-0.200000
0.000000
0.200000
0.040000
0.328000
0.168000
1.000000
0.000000
0.000000
0.000000
0.000000
0.200000
0.000000
0.200000
0.000000
0.072000
0.200000
-0.200000
-0.200000
0.200000
0.000000
0.200000
0.067520
-0.139584
0.000000
0.000000
-0.160000
0.040000
-0.061379
0.000000
-0.012754
0.479105
1.000000
-1.000000
0.040000
-1.000000
0.200000
0.000000
0.360000
-0.040000
0.040000
0.200000
1.000000
1.000000
0.590400
0.488000
0.360000
0.000000
0.000000
0.000000
0.000000
0.000000
0.000000
-0.288000
0.000000
0.000000
0.000000
-0.200000
0.000000
0.000000
0.000000
0.000000
-0.008000
1.000000
0.000000
0.000000
0.200000
1.000000
0.000000
0.000000
0.000000
0.000000
0.066880
0.000000
0.081316
0.047004
0.072000
1.000000
1.000000
1.000000
1.000000
1.000000
1.000000
1.000000
0.915909
0.008035
0.000000
0.000000
0.000000
0.325121
0.021330
0.000000
0.000000
0.200000
0.776663
0.800511
0.092981
1.000000
0.000000
0.000000
-1.000000
0.168000
0.360000
0.033447
0.360000
0.000000
0.072000
-1.000000
0.000000
-1.000000
-1.000000
-0.072000
1.000000
0.000000
1.000000
-1.000000
-0.200000
-1.000000
1.000000
-1.000000
-0.200000
-1.000000
-0.360000
-1.000000
0.000000
-0.590400
0.000000
0.000000
-1.000000
-0.672320
0.000000
0.000000
0.000000
0.000000
-1.000000
-0.462400
-0.006074
-0.012765
-0.045289
-1.000000
0.000000
-1.000000
0.000000
-1.000000
-0.360000
0.000000
-1.000000
-0.160000
0.000000
0.102400
0.025600
-1.000000
-0.655936
0.168000
0.000000
-0.014856
-1.000000
-0.679987
0.000000
0.000000
1.000000
-1.000000
0.000000
0.000000
0.000000
0.000000
0.000000
0.000000
0.000000
0.000000
0.000000
0.000000
0.000000
0.000000
0.000000
0.000000
0.000000
0.000000
0.000000
0.000000
0.000000
0.000000
0.000000
0.000000
0.000000
0.000000
0.000000
0.000000
0.000000
0.000000
0.000000
0.000000
0.000000
0.000000
0.000000
0.000000
0.000000
0.000000
0.000000
0.000000
0.000000
0.000000
-0.032000
1.000000
1.000000
1.000000
-1.000000
-1.000000
-1.000000
-1.000000
-1.000000
-1.000000
-1.000000
0.000000
1.000000
0.000000
0.200000
0.488000
-0.200000
1.000000
1.000000
1.000000
1.000000
1.000000
1.000000
1.000000
-1.000000
-1.000000
-1.000000
0.000000
0.000000
0.200000
0.000000
0.000000
0.488000
1.000000
1.000000
1.000000
1.000000
1.000000
1.000000
-1.000000
-1.000000
-1.000000
-1.000000
-1.000000
-1.000000
-0.200000
0.000000
0.200000
0.200000
-0.488000
0.360000
0.129478
-1.000000
-0.200000
1.000000
0.200000
1.000000
-1.000000
-0.200000
-1.000000
-1.000000
-1.000000
1.000000
-1.000000
-0.491758
1.000000
1.000000
0.216000
-1.000000
-1.000000
-1.000000
-1.000000
1.000000
-1.000000
0.040000
0.000000
-0.200000
0.000000
-1.000000
0.000000
0.000000
0.232000
0.000000
1.000000
0.000000
0.000000
0.000000
0.000000
-1.000000
-1.000000
-1.000000
-1.000000
-1.000000
-1.000000
0.000000
0.000000
1.000000
0.000000
1.000000
0.000000
0.000000
1.000000
0.000000
0.000000
0.000000
0.200000
0.000000
-1.000000
0.000000
0.000000
0.000000
0.000000
0.000000
0.000000
0.000000
0.000000
0.000000
0.000000
-1.000000
-1.000000
-1.000000
0.000000
0.000000
0.000000
0.000000
-0.065600
0.000000
1.000000
0.000000
1.000000
-1.000000
0.000000
0.200000
0.000000
0.000000
0.000000
0.000000
1.000000
1.000000
1.000000
1.000000
1.000000
1.000000
0.000000
0.000000
-0.065600
0.000000
-0.220480
0.076349
0.200000
0.000000
0.200000
0.360000
0.000000
0.360000
0.502206
1.000000
1.000000
1.000000
0.190400
-0.360000
0.359949
0.081984
-0.360000
0.097600
0.004495
0.000000
0.000000
0.000000
0.128000
0.718326
0.059006
-1.000000
1.000000
-1.000000
0.000000
-1.000000
-0.488000
1.000000
-1.000000
-0.168000
1.000000
1.000000
0.200000
-1.000000
-0.200000
1.000000
0.000000
1.000000
-1.000000
-0.088000
1.000000
-1.000000
0.000000
0.000000
-0.360000
0.000000
0.000000
-0.318180
0.000000
-0.033265
-1.000000
-0.200000
-0.200000
0.000000
0.000000
-1.000000
-0.595479
-0.270400
0.008000
0.200000
-0.072000
-1.000000
-0.241920
0.360000
-0.020719
0.004027
0.000000
0.000000
0.000000
0.000000
0.000000
1.000000
0.000000
1.000000
0.000000
0.000000
0.000000
1.000000
0.000000
0.000000
-0.160000
-0.040000
0.000000
0.000000
0.000000
0.000000
0.000000
0.000000
0.160000
0.000000
0.000000
0.000000
0.000000
0.000000
0.000000
0.000000
0.000000
0.040000
0.000000
0.000000
0.000000
0.000000
0.000000
-0.065600
-0.200000
0.000000
0.000000
0.000000
0.147520
0.040000
0.000000
-0.064000
0.000000
0.032000
-0.019520
0.078080
0.019547
1.000000
1.000000
1.000000
1.000000
1.000000
1.000000
1.000000
1.000000
1.000000
1.000000
1.000000
1.000000
1.000000
1.000000
1.000000
1.000000
-1.000000
-0.672320
-0.200000
0.000000
-0.737856
-1.000000
-0.513351
0.200000
0.000000
0.000000
0.000000
-1.000000
0.190400
0.000000
-0.029301
0.097600
0.000000
0.000000
0.000000
0.200000
0.000000
-0.488000
0.000000
0.000000
0.000000
0.000000
0.232000
0.360000
0.000000
0.000000
0.200000
0.200000
-0.430400
0.200000
0.526470
-1.000000
-0.488000
-0.360000
0.000000
-0.672320
-1.000000
-0.835973
-1.000000
-1.000000
-1.000000
-0.360000
-1.000000
-0.200000
0.000000
-0.743086
0.000000
1.000000
0.360000
0.865782
0.200000
1.000000
-1.000000
-0.304320
0.000000
-0.168500
-0.230308
-1.000000
-0.576158
-0.069619
-0.459570
0.000000
0.000000
0.000000
0.000000
0.000000
0.000000
0.000000
0.000000
0.000000
0.000000
0.000000
0.000000
0.000000
0.000000
0.000000
0.000000
0.000000
0.000000
0.000000
1.000000
-1.000000
0.000000
0.000000
0.000000
0.000000
0.000000
0.000000
0.000000
0.000000
0.000000
0.000000
0.000000
0.000000
0.000000
0.000000
0.000000
0.000000
0.000000
0.000000
-0.200000
0.000000
0.000000
0.000000
0.000000
0.128980
0.200000
-0.488000
0.000000
0.000000
-0.790285
0.072000
-0.119677
-1.000000
-1.000000
-1.000000
-0.737856
0.000000
0.488000
0.000000
-0.606279
0.000000
1.000000
0.000000
0.590400
0.000000
1.000000
0.360000
0.040000
0.000000
0.183339
0.133706
-1.000000
0.200000
0.000000
0.000000
1.000000
0.590400
0.892626
0.000000
1.000000
1.000000
0.000000
0.000000
0.000000
0.000000
0.000000
-1.000000
0.000000
0.000000
0.000000
1.000000
1.000000
0.000000
0.000000
0.000000
0.000000
0.000000
0.000000
0.040000
0.190400
-0.488000
0.000000
0.200000
0.000000
0.200000
0.200000
0.200000
0.000000
-0.200000
0.200000
0.200000
-0.488000
0.360000
0.768676
1.000000
-1.000000
0.000000
0.000000
0.113402
0.072000
0.000000
-0.190400
0.200000
0.145874
0.000000
-0.200000
0.000000
0.000000
-0.206400
0.097600
-0.046080
0.000000
0.000000
0.046400
-0.160000
0.000000
0.088000
0.000000
-0.087416
0.366310
1.000000
-1.000000
-0.530285
-0.025600
-0.851472
-0.568628
-1.000000
-0.200000
0.000000
-0.098880
1.000000
1.000000
0.488000
0.590400
0.200000
0.000000
0.000000
0.000000
0.000000
0.000000
0.000000
0.000000
0.000000
0.000000
0.000000
0.000000
0.000000
0.000000
0.000000
0.000000
0.000000
1.000000
0.000000
0.000000
0.200000
1.000000
0.000000
0.000000
0.000000
0.000000
0.001280
0.000000
0.126016
0.093504
0.040000
1.000000
1.000000
1.000000
1.000000
1.000000
1.000000
1.000000
1.000000
1.000000
1.000000
0.000000
0.000000
0.000000
0.360000
0.000000
-0.386294
0.000000
0.200000
0.869527
0.000000
0.090583
0.209454
0.360000
0.000555
0.000000
0.190935
-0.064784
0.314105
0.152893
0.000000
0.000000
0.000000
0.000000
-0.040000
0.200000
0.360000
0.037941
0.360000
0.819210
0.000000
0.000000
0.200000
0.929244
0.706220
0.235819
-1.000000
0.000000
-1.000000
0.000000
-1.000000
-0.488000
0.000000
-1.000000
0.000000
0.000000
0.000000
0.000000
-1.000000
-0.590400
0.000000
0.000000
-0.337811
-1.000000
-0.692142
1.000000
-1.000000
-0.360000
-0.049971
-0.033186
-0.058938
0.000000
0.000000
0.000000
0.024871
-1.000000
-0.488000
-0.200000
0.000000
-0.289850
-1.000000
-0.641386
-0.360000
0.000000
0.064000
-0.542923
-1.000000
-0.701105
0.040000
-0.347138
-0.535140
0.000000
0.000000
0.000000
0.000000
0.000000
0.000000
0.000000
0.000000
0.000000
0.000000
0.000000
0.000000
0.000000
0.000000
-0.200000
0.000000
0.000000
0.000000
0.000000
0.000000
0.000000
0.000000
0.000000
0.000000
0.000000
0.000000
0.000000
0.000000
0.000000
0.000000
0.000000
0.001600
0.000000
0.000000
0.000000
0.000000
0.000000
-0.087350
0.000000
0.000000
0.000000
0.000000
0.000000
0.061440
0.000000
-0.144594
0.000000
0.025600
-0.034901
0.078080
0.113082
0.040000
0.000000
0.200000
0.160000
0.766645
-0.074552
-1.000000
-1.000000
-1.000000
-1.000000
-1.000000
-1.000000
0.914101
-0.488000
0.000000
0.040000
-0.160000
0.000000
-0.282291
1.000000
0.000000
0.000000
0.000000
0.000000
0.810706
-1.000000
0.000000
0.000000
0.040000
0.000000
0.000000
0.000000
0.737856
-0.083537
0.430377
0.409661
-1.000000
-1.000000
-1.000000
-0.360000
0.160000
-0.261494
0.000000
-0.278677
0.279273
1.000000
-1.000000
-0.736191
0.832228
0.767121
0.599652
-1.000000
-0.737856
-0.516072
0.200000
-1.000000
1.000000
0.200000
0.695831
0.200000
0.000000
0.000000
0.000000
0.000000
0.000000
0.000000
0.000000
-1.000000
-1.000000
-1.000000
0.000000
0.000000
-0.360000
0.000000
-0.040000
-0.008000
1.000000
0.000000
0.000000
0.000000
1.000000
0.000000
0.000000
0.000000
0.000000
0.000000
-1.000000
0.168000
0.040000
0.065600
0.000000
0.000000
0.000000
0.000000
-0.200000
0.168000
0.000000
-0.200000
0.000000
0.467520
0.000000
0.000000
0.000000
0.128000
0.837177
-0.160493
0.000000
0.000000
0.000000
0.200000
0.000000
0.000000
0.160000
0.000000
0.000000
0.001600
0.000000
0.200000
0.000000
0.000000
0.000000
0.228824
0.000000
0.000000
0.200000
0.160000
0.390400
-0.001904
-0.488000
0.000000
0.067520
0.040000
-0.009232
0.499274
0.267520
-0.089122
0.000000
0.397569
-0.201702
0.430733
0.226633
-1.000000
-0.488000
-0.223110
0.000000
-0.082280
-1.000000
-0.174435
-0.120000
0.000000
0.360000
0.000000
-1.000000
-0.102400
0.200000
0.091840
0.067138
1.000000
0.000000
0.488000
0.173120
1.000000
-1.000000
0.065600
0.050766
0.136396
0.080571
-0.103744
0.064210
0.086878
0.179915
0.000000
0.000000
0.000000
0.000000
0.000000
-0.072000
0.000000
0.000000
0.000000
0.000000
0.000000
0.040000
0.000000
-0.064000
0.000000
0.032000
0.000000
-0.040000
0.000000
1.000000
0.000000
0.000000
0.000000
0.000000
0.040000
0.000000
0.128000
0.040000
0.032000
0.000000
-0.040000
0.000000
0.040000
0.000000
0.097600
-0.006253
0.000000
0.098880
0.008000
-0.005262
0.064000
-0.007984
0.000000
-0.004513
0.230977
-1.000000
-0.672320
-0.488000
0.040000
-1.000000
-1.000000
0.000000
0.000000
0.000000
0.000000
0.000000
0.000000
0.000000
0.000000
0.000000
0.000000
0.000000
0.000000
0.000000
0.000000
0.000000
0.000000
-0.012288
-0.200000
0.000000
0.000000
0.000000
0.000000
-1.000000
0.000000
-0.200000
0.000000
-0.200000
-0.097600
-0.200000
-1.000000
0.000000
0.000000
0.000000
-1.000000
0.000000
0.000000
0.000000
0.000000
0.000000
0.000000
-1.000000
0.000000
0.000000
0.000000
-1.000000
-0.200000
-0.865782
-0.655936
1.000000
1.000000
1.000000
1.000000
1.000000
0.000000
0.000000
0.000000
0.000000
0.200000
1.000000
0.000000
0.000000
0.000000
0.000000
-0.040000
1.000000
1.000000
0.000000
-1.000000
-0.200000
0.000000
0.000000
0.000000
0.000000
0.000000
-0.200000
0.000000
0.000000
0.000000
0.000000
1.000000
0.000000
1.000000
0.000000
-0.200000
0.000000
1.000000
0.000000
0.000000
-0.360000
0.000000
-1.000000
-1.000000
-1.000000
-1.000000
-1.000000
-1.000000
-1.000000
-1.000000
-1.000000
-1.000000
-1.000000
-1.000000
-1.000000
-1.000000
-1.000000
-1.000000
0.000000
0.000000
0.000000
0.000000
-0.360000
-0.232000
0.000000
0.000000
0.000000
0.000000
0.000000
0.200000
0.200000
-0.590400
-0.200000
0.488000
-0.200000
0.000000
-0.257600
0.000000
0.000000
1.000000
-1.000000
0.000000
0.000000
0.000000
0.000000
0.000000
0.000000
0.000000
0.000000
0.000000
0.000000
0.000000
0.000000
0.000000
0.000000
0.000000
0.000000
0.000000
0.000000
0.000000
0.000000
0.000000
0.000000
0.000000
0.200000
0.000000
0.000000
0.000000
0.000000
0.000000
0.000000
0.000000
0.200000
0.000000
0.000000
0.000000
0.000000
0.000000
0.000000
0.000000
0.000000
-0.040000
-1.000000
1.000000
1.000000
0.000000
-1.000000
0.000000
0.168000
-0.032000
0.000000
0.000000
-0.008000
-1.000000
-0.590400
-0.430400
-0.488000
0.000000
0.000000
1.000000
-1.000000
0.000000
-0.200000
0.000000
0.000000
0.000000
0.000000
0.000000
0.000000
0.000000
-0.360000
0.000000
-0.200000
0.000000
0.000000
0.000000
0.000000
-0.200000
0.000000
0.000000
-0.200000
-0.200000
0.328000
-0.360000
0.000000
-0.254016
0.000000
0.000000
0.000000
0.000000
-0.040000
0.097600
0.288000
-0.127079
0.360000
0.284939
0.000000
-0.000204
0.360000
-0.014580
-0.371428
-0.432869
-1.000000
0.000000
0.000000
0.000000
0.000000
0.000000
0.000000
0.000000
0.000000
0.000000
0.000000
0.000000
0.000000
0.000000
0.000000
0.000000
0.000000
0.200000
0.000000
-0.066880
0.000000
0.000000
0.000000
-1.000000
0.032000
-0.200000
-0.040000
0.000000
-0.040000
-0.054464
1.000000
1.000000
1.000000
1.000000
-1.000000
-0.360000
-1.000000
1.000000
1.000000
0.488000
0.000000
0.000000
-1.000000
0.488000
1.000000
0.000000
-1.000000
-0.025600
-1.000000
-0.360000
-0.609856
1.000000
0.000000
-1.000000
0.040000
0.200000
0.000000
0.000000
-0.023616
0.000000
0.000000
0.000000
0.000000
-1.000000
-1.000000
-1.000000
-1.000000
-1.000000
-1.000000
-1.000000
0.000000
-0.200000
0.000000
-0.200000
0.000000
-0.360000
-1.000000
0.000000
0.102400
0.200000
0.000000
-1.000000
0.000000
-1.000000
-1.000000
-1.000000
0.000000
-1.000000
0.000000
0.025600
-0.160000
0.000000
0.000000
0.000000
0.000000
0.000000
-0.200000
0.000000
-1.000000
-1.000000
-1.000000
-1.000000
-1.000000
-1.000000
0.000000
-0.360000
-0.160000
0.000000
-0.200000
0.000000
-0.200000
0.000000
0.000000
0.000000
-1.000000
0.000000
0.000000
0.000000
0.000000
0.000000
0.000000
-1.000000
0.000000
-1.000000
0.000000
-1.000000
-0.200000
0.000000
-1.000000
0.000000
0.000000
0.000000
0.000000
-1.000000
0.000000
0.000000
0.000000
0.000000
-1.000000
-0.360000
0.000000
0.000000
0.000000
0.000000
0.000000
0.000000
0.000000
0.000000
0.000000
-0.200000
0.000000
0.000000
0.000000
0.000000
0.000000
-0.001600
0.000000
0.000000
0.000000
1.000000
1.000000
0.360000
0.000000
0.000000
0.000000
0.491986
1.000000
-0.070347
0.000000
0.106921
0.832679
0.142103
1.000000
1.000000
0.000000
0.000000
0.000000
-1.000000
0.200000
1.000000
1.000000
0.000000
1.000000
1.000000
1.000000
0.000000
0.360000
0.214080
1.000000
0.000000
0.000000
0.000000
0.040000
0.000000
1.000000
1.000000
1.000000
0.000000
0.088000
0.257600
1.000000
1.000000
0.160000
0.040000
0.072000
0.360000
0.377856
-0.200000
0.000000
0.000000
0.000000
0.000000
0.000000
0.001573
-1.000000
-1.000000
-1.000000
0.000000
0.000000
-0.200000
0.000000
-0.160000
0.000492
-1.000000
-1.000000
-1.000000
-1.000000
1.000000
0.000000
0.000000
0.000000
0.200000
0.000614
-1.000000
0.000000
0.000000
0.000000
0.000000
0.000000
0.000000
0.000000
0.000000
0.000000
0.000000
0.000000
0.000000
0.000000
0.000000
0.000000
0.000000
0.000000
0.000000
0.000000
0.000000
0.000000
0.000000
1.000000
-1.000000
0.000000
0.000000
0.000000
0.000000
0.000000
0.000000
0.000000
0.000000
0.000000
0.000000
0.000000
0.000000
0.000000
0.000000
0.000000
0.000000
0.000000
0.000000
0.000000
0.000000
0.000000
0.000000
0.008000
0.094464
0.000000
1.000000
0.040000
-1.000000
0.328000
0.000000
0.000000
0.128000
0.044584
0.040000
1.000000
0.000000
-1.000000
0.000000
-1.000000
-0.200000
1.000000
1.000000
1.000000
0.000000
0.000000
0.590400
1.000000
1.000000
0.000000
0.040000
0.020517
-1.000000
0.125055
-0.293837
-0.030413
-0.518720
1.000000
1.000000
0.360000
0.020480
0.000000
0.200000
0.456438
1.000000
0.000000
0.032000
0.016157
0.088000
-0.064060
0.000000
0.000000
0.000000
0.000000
-0.200000
-0.327455
-1.000000
-1.000000
-1.000000
-1.000000
-1.000000
-1.000000
0.000000
-0.360000
-0.360000
0.000000
-0.360000
0.000000
-0.548257
1.000000
-1.000000
-0.200000
0.040000
0.000000
0.040000
-1.000000
-0.040000
0.000000
0.040000
-0.544320
-0.072000
0.000000
0.019751
0.000000
-0.036864
-0.018432
-1.000000
-1.000000
-1.000000
0.000000
0.000000
-0.128000
-0.039639
-0.160000
0.000000
0.000000
0.000000
0.000000
0.000000
0.000000
0.000000
0.000000
0.000000
0.000000
0.000000
0.000000
0.000000
0.000000
0.000000
0.000000
-0.092480
-1.000000
0.000000
0.000000
0.000000
0.000000
-1.000000
-0.128000
0.000000
0.000000
0.000000
0.000000
-1.000000
0.065600
0.000000
0.000000
-0.026173
0.000000
0.000000
0.000000
0.000000
0.000000
-0.032000
0.000000
0.000000
0.000000
0.000000
0.000000
0.008000
0.000000
-0.065600
0.000000
0.003003
-0.040000
0.046400
-0.011353
1.000000
-0.200000
1.000000
0.030304
-1.000000
-0.137905
0.200000
-0.020876
0.000000
0.000000
-0.672320
-1.000000
-0.366798
0.000000
-0.360000
0.000000
0.000000
0.000000
-1.000000
0.000000
0.000000
0.000000
0.000000
0.000000
0.000000
0.000000
0.000000
0.000000
0.000000
-0.200000
0.000000
0.000000
0.000000
0.000000
0.000000
-0.553289
0.000000
0.000000
-0.040000
0.000000
0.000000
-0.363200
0.000000
0.000000
0.000000
0.000000
0.000000
0.000000
-0.200000
0.000000
0.000000
-0.200000
0.000000
-0.200000
0.000000
-0.040000
0.000000
0.000000
0.000000
-0.474172
-1.000000
0.000000
0.000000
0.000000
0.000000
0.000000
0.000000
0.000000
0.000000
0.000000
0.000000
0.000000
0.000000
0.000000
0.000000
0.000000
0.000000
0.000000
0.000000
0.000000
0.000000
0.000000
0.000000
-1.000000
-0.360000
-0.200000
0.000000
0.000000
0.000000
-0.040000
0.164323
1.000000
-0.200000
-1.000000
0.000000
0.575525
-0.488000
0.056408
-0.025600
-0.011181
1.000000
0.000000
0.200000
0.000000
0.000000
0.000000
1.000000
1.000000
1.000000
0.000000
0.000000
0.200000
1.000000
1.000000
0.000000
0.000000
0.000000
0.000000
0.200000
0.512320
0.000000
-0.040000
1.000000
1.000000
0.328000
0.000000
-0.200000
0.000000
0.583191
1.000000
0.000000
0.097600
0.000000
0.094996
-0.132957
0.000000
0.000000
0.007981
0.031155
-0.541257
-0.306361
0.000000
0.000000
-0.200000
0.000000
0.000000
0.000000
0.000000
-0.393092
0.000000
0.000000
-0.046400
0.000000
-0.005120
-1.000000
-1.000000
-1.000000
-1.000000
-1.000000
-1.000000
-1.000000
-1.000000
-1.000000
-1.000000
-0.200000
-0.360000
-0.360000
0.005726
-0.328000
-0.040000
-0.490866
0.000000
0.000000
0.000000
-0.360000
0.000000
-0.457683
0.000000
-0.129600
-0.002560
0.000000
0.000000
0.000000
0.000000
0.000000
0.000000
0.000000
0.000000
0.000000
0.000000
0.000000
0.000000
0.000000
0.000000
0.000000
0.000000
0.000000
0.000000
0.000000
0.000000
0.000000
0.000000
0.000000
0.000000
0.000000
0.000000
0.000000
0.000000
0.000000
0.000000
-0.160000
0.040000
0.000000
0.000000
0.000000
0.000000
0.000000
-0.131750
0.000000
0.000000
0.000000
0.000000
0.000000
0.032000
0.000000
-0.105147
0.000000
0.000000
-0.039476
0.032000
0.006253
-1.000000
-0.398400
0.000000
-0.590400
0.360000
0.000000
0.000000
1.000000
1.000000
0.288000
0.068723
0.000000
0.000000
0.449856
1.000000
0.000000
0.000000
0.000000
0.360000
-0.108929
-0.014992
1.000000
0.066067
-1.000000
-0.136168
0.231181
-0.017513
-0.099738
-0.012689
-0.163020
0.000000
-0.040000
-0.200000
0.000000
-0.200000
0.000000
0.000000
0.000000
0.000000
-0.200000
0.000000
0.000000
0.000000
0.000000
-0.200000
-0.440771
0.000000
0.000000
-0.160000
-0.032000
-0.360000
0.000000
-0.200000
-0.200000
0.000000
0.000000
-0.381504
0.000000
-0.160000
0.000000
-0.415573
0.037203
0.000000
-0.039345
0.000000
-0.007543
-0.200000
-0.536033
0.000000
0.000000
-0.200000
0.040000
-0.302400
0.011520
0.000000
-0.427683
-0.031590
0.049720
-0.516377
0.066451
-0.328669
0.000000
0.000000
0.000000
-1.000000
0.000000
0.000000
-0.040000
0.000000
0.000000
0.000000
0.000000
0.000000
0.000000
0.000000
0.000000
-0.040000
0.000000
0.000000
0.000000
0.000000
0.000000
0.008000
0.000000
0.000000
0.000000
0.000000
-0.044943
0.000000
-0.016335
0.000000
0.000000
0.000000
0.000000
0.000000
0.010596
0.003347
-0.065600
0.049600
0.000115
-0.040000
-0.006775
0.000000
-0.004352
-0.017120
-0.228949
1.000000
1.000000
1.000000
1.000000
1.000000
1.000000
1.000000
0.000000
0.000000
0.360000
0.000000
0.000000
0.000000
-0.003277
0.000000
0.000000
0.000000
0.000000
0.273439
0.000000
1.000000
0.075168
0.000000
-1.000000
0.200000
0.000000
0.020480
-0.200000
0.000000
0.000000
-1.000000
-1.000000
0.000000
-0.200000
0.000000
-1.000000
-1.000000
1.000000
0.000000
-0.360000
0.000000
-1.000000
-1.000000
-1.000000
-0.200000
-0.360000
-0.200000
0.000000
-1.000000
-1.000000
-0.200000
0.000000
-0.360000
0.000000
0.000000
-0.024952
0.000000
0.027198
0.002000
-1.000000
-0.487885
-0.045609
-0.200000
-1.000000
-1.000000
-1.000000
-0.360000
-0.360000
0.000000
0.000000
0.000000
-1.000000
-0.200000
-0.040000
-0.857030
-0.243009
-1.000000
-1.000000
-0.360000
0.000000
-0.666366
0.000000
0.000000
1.000000
-1.000000
0.000000
0.000000
0.000000
0.000000
0.000000
0.000000
0.000000
0.000000
0.000000
0.000000
0.000000
0.000000
0.000000
0.000000
0.000000
0.000000
0.000000
0.000000
0.000000
0.000000
0.000000
0.000000
0.000000
0.000000
0.000000
0.000000
0.000000
0.000000
0.000000
0.000000
0.000000
0.000000
0.000000
0.000000
0.000000
0.000000
0.000000
0.000000
0.000000
0.000000
-0.091603
1.000000
1.000000
1.000000
-0.168591
-0.590400
1.000000
0.000000
1.000000
-0.039876
0.000000
-0.092550
1.000000
0.200000
0.000000
0.087845
0.000000
1.000000
1.000000
1.000000
1.000000
1.000000
1.000000
1.000000
0.000000
0.000000
0.000000
0.000000
0.200000
0.000000
0.000000
0.000000
0.488000
1.000000
1.000000
1.000000
1.000000
1.000000
1.000000
0.000000
0.000000
0.000000
0.200000
0.200000
0.003277
0.328000
0.000000
0.000000
0.000000
0.000000
0.200000
0.160000
-0.892626
0.000000
-1.000000
-1.000000
1.000000
-0.291213
-0.619799
1.000000
0.479529
1.000000
1.000000
-0.059489
0.061669
-1.000000
1.000000
0.488000
-1.000000
-1.000000
-1.000000
-1.000000
1.000000
-0.158057
-0.488000
-1.000000
-0.200000
0.000000
0.360000
-0.200000
0.093755
0.000000
0.000000
1.000000
0.000000
0.000000
0.000000
0.000000
1.000000
0.000000
0.000000
1.000000
1.000000
0.000000
0.000000
0.000000
1.000000
0.000000
1.000000
0.000000
0.000000
1.000000
0.000000
0.000000
0.000000
0.000000
0.000000
0.000000
0.000000
0.000000
0.000000
0.000000
0.000000
0.000000
0.000000
0.000000
0.000000
0.000000
0.000000
0.000000
0.000000
0.000000
0.000000
0.000000
0.000000
0.000000
0.000000
1.000000
-0.071290
1.000000
-1.000000
0.000000
0.334400
-0.008000
-0.200000
0.000000
0.000000
1.000000
1.000000
1.000000
1.000000
1.000000
1.000000
0.000000
0.000000
0.000000
0.000000
0.000000
0.470335
0.200000
0.000000
0.000000
0.488000
0.000000
0.488000
0.496319
1.000000
1.000000
1.000000
0.064952
-0.004314
0.360000
0.000000
0.000000
0.040000
0.009830
0.053882
0.000000
0.000000
0.160000
0.281920
0.076958
-0.200000
-1.000000
-1.000000
-1.000000
-0.360000
-0.200000
1.000000
0.000000
0.023593
-1.000000
1.000000
0.360000
-0.880221
-0.118080
-1.000000
-1.000000
1.000000
0.000000
-0.582579
1.000000
0.000000
-0.328000
-1.000000
-0.360000
-0.097600
-0.021876
-0.321096
0.011763
-0.057154
-0.953252
-0.158057
-1.000000
-1.000000
0.000000
-0.072000
-0.479679
0.128246
0.072205
0.487181
-0.085899
-0.188455
-0.188784
-1.000000
-0.619212
-0.202121
0.000000
0.000000
0.000000
0.000000
0.000000
1.000000
0.000000
1.000000
0.000000
0.000000
0.000000
1.000000
0.000000
0.000000
0.000000
0.000000
0.000000
0.000000
0.000000
0.000000
0.000000
0.000000
0.000000
0.000000
0.000000
0.000000
0.000000
0.000000
0.000000
0.000000
0.000000
0.072000
0.000000
0.000000
0.000000
0.000000
0.000000
0.000000
0.000000
0.000000
0.000000
0.000000
0.000000
0.000320
0.000000
0.000000
0.000000
0.040000
-0.156942
0.000000
-0.012927
1.000000
1.000000
1.000000
1.000000
1.000000
1.000000
1.000000
1.000000
1.000000
1.000000
1.000000
1.000000
1.000000
1.000000
1.000000
1.000000
-1.000000
-0.200000
0.200000
0.000000
0.000000
-1.000000
0.000000
0.200000
0.046400
0.000000
-0.200000
-1.000000
0.000000
0.000000
0.000000
0.000000
-0.360000
0.000000
0.000000
0.000000
0.000000
0.000000
0.000000
0.000000
0.000000
0.000000
0.200000
0.488000
0.000000
0.000000
0.000000
0.200000
0.000000
0.360000
-0.065600
0.200000
0.000000
-1.000000
-1.000000
0.000000
0.000000
0.040000
-1.000000
-1.000000
-1.000000
0.000000
0.000000
-0.160000
-1.000000
0.000000
0.000000
1.000000
0.000000
0.790285
0.360000
1.000000
0.000000
-0.040000
-1.000000
0.000000
0.000000
-1.000000
0.000000
0.040000
0.000000
0.000000
0.000000
0.000000
0.000000
0.000000
0.000000
0.000000
0.000000
0.000000
0.000000
0.000000
0.000000
0.000000
0.000000
0.000000
0.000000
0.000000
0.000000
0.000000
1.000000
-1.000000
0.000000
0.000000
0.000000
0.000000
0.000000
0.000000
0.000000
0.000000
0.000000
0.000000
0.000000
0.000000
0.000000
0.000000
0.000000
0.000000
0.000000
0.000000
0.000000
0.000000
0.000000
0.000000
0.000000
0.040000
0.000000
-0.590400
0.000000
0.000000
0.000000
0.000000
0.008000
0.000000
0.000000
0.000000
-0.200000
0.000000
-0.071606
0.000000
0.000000
0.068864
1.000000
0.000000
0.200000
0.000000
1.000000
0.000000
0.000000
0.000000
0.200000
0.025600
0.000000
0.000000
0.000000
0.000000
1.000000
0.599411
0.488000
0.000000
1.000000
1.000000
0.000000
0.000000
0.000000
0.000000
0.000000
0.000000
0.000000
0.000000
0.000000
1.000000
1.000000
0.000000
0.000000
0.000000
-0.360000
0.000000
0.000000
0.000000
0.168000
-0.360000
0.000000
0.000000
0.360000
0.000000
0.000000
0.200000
-0.040000
-0.160000
0.040000
0.360000
-0.200000
0.508480
0.772287
1.000000
-1.000000
0.000000
0.000000
0.385600
0.040000
0.000000
0.000000
0.000000
0.488000
-0.179520
0.000000
0.000000
0.000000
0.000000
0.040000
0.012800
0.360000
0.000000
0.000000
0.000000
0.040000
-0.072761
0.000000
0.200000
0.400532
1.000000
0.000000
-0.168000
-1.000000
0.040000
0.072007
-1.000000
0.000000
0.008000
0.000000
1.000000
1.000000
0.360000
0.200000
0.200000
0.000000
0.000000
0.000000
0.000000
0.000000
0.000000
0.000000
0.000000
0.000000
0.000000
0.000000
0.000000
0.000000
0.000000
0.000000
0.000000
1.000000
0.000000
0.000000
0.000000
1.000000
0.000000
0.000000
0.000000
0.000000
0.040000
0.000000
0.200000
0.001600
0.057600
1.000000
1.000000
1.000000
1.000000
1.000000
1.000000
1.000000
1.000000
1.000000
1.000000
0.000000
0.000000
0.000000
0.000000
0.000000
0.000000
0.000000
0.000000
-0.004135
0.200000
0.924844
0.308678
0.000000
0.000000
0.000000
0.040000
0.000000
0.339447
0.013312
0.000000
0.000000
0.000000
0.200000
0.003243
0.000000
0.488000
0.000000
0.360000
0.725874
0.000000
0.000000
0.360000
0.200000
0.259565
-0.002253
0.000000
-1.000000
-1.000000
-1.000000
0.000000
-0.360000
0.000000
0.000000
0.000000
-1.000000
0.000000
0.000000
0.000000
-0.072000
-1.000000
-1.000000
-0.200000
0.000000
-0.270400
1.000000
0.000000
0.200000
-1.000000
-0.070285
0.360000
-0.000043
0.005656
0.006845
0.019645
-0.200000
0.000000
-1.000000
-1.000000
-0.200000
0.000000
-0.088000
-0.200000
0.000000
0.000000
0.000000
0.000000
0.000000
-1.000000
-0.128000
0.032939
0.000000
0.000000
0.000000
0.000000
0.000000
0.000000
0.000000
0.000000
0.000000
0.000000
0.000000
0.000000
0.000000
0.000000
0.000000
-0.040000
0.000000
0.000000
0.000000
0.000000
0.000000
0.000000
0.000000
0.000000
0.000000
0.000000
0.000000
0.000000
0.000000
0.000000
0.000000
0.032000
0.000000
0.000000
0.000000
0.000000
0.000000
0.000000
0.000000
0.000000
0.000000
0.000000
0.000000
0.161884
0.000000
0.000000
0.000000
0.062835
0.000000
0.036864
0.022804
0.000000
0.000000
0.000000
0.000000
0.091084
0.000000
0.000000
0.000000
-0.160064
0.000000
0.000000
0.000000
-0.010043
0.000000
0.000000
0.000000
0.000000
0.137345
0.000000
1.000000
0.000000
0.000000
0.000000
0.000000
0.000000
0.000000
0.000000
0.000000
0.000000
0.000000
0.000000
0.000000
0.000000
0.000000
0.200000
0.160000
0.000000
0.040000
0.000000
0.000000
0.065715
0.000000
0.000000
0.160000
0.333821
1.000000
-0.013264
0.160353
-1.000000
-0.672320
-0.086995
0.000000
0.000000
0.108745
0.360000
-1.000000
1.000000
0.590921
0.000000
0.488000
0.000000
0.000000
0.000000
0.000000
0.000000
0.000000
0.000000
0.000000
0.000000
0.000000
0.000000
0.000000
0.000000
0.000000
0.000000
0.000000
1.000000
0.000000
0.000000
0.000000
1.000000
0.000000
0.000000
0.000000
0.000000
0.000000
0.000000
0.160000
0.040000
0.025600
0.000000
0.000000
0.000000
0.200000
-0.023040
0.000000
0.000000
0.000000
0.360000
0.454080
0.000000
0.000000
0.488000
0.200000
0.262054
-0.006400
0.000000
0.000000
0.000000
0.000000
0.000000
0.200000
0.000000
0.000000
0.000000
0.000000
0.000000
0.000000
0.000000
0.000000
0.000000
0.523246
-0.066880
0.000000
0.000000
0.160000
0.147456
0.000000
-0.016704
0.000000
0.001999
0.200000
0.200000
0.563653
0.033137
-0.034079
0.000000
0.462404
-0.060266
0.325855
0.326454
-0.172800
-0.115450
-1.000000
-1.000000
-0.200000
0.000000
-0.151248
-0.160000
0.009216
0.000000
0.000000
0.000000
0.018009
-1.000000
-0.078707
-0.029029
1.000000
0.256000
0.000000
0.488000
1.000000
-0.131351
-0.045551
-1.000000
-0.097551
-0.093147
0.057394
0.022980
0.062085
0.065423
0.000000
0.000000
0.000000
0.000000
0.000000
0.000000
0.000000
0.000000
0.000000
0.000000
0.000000
0.040000
0.000000
0.000000
0.000000
0.000000
0.000000
0.000000
0.001862
1.000000
0.000000
0.000000
0.000000
0.000000
0.040000
0.000000
0.000000
0.000000
0.000000
0.000000
0.000000
0.000000
0.040000
0.000000
0.000000
-0.003727
0.000000
0.000000
0.032000
0.002812
0.000097
0.003232
0.040000
0.000768
0.218072
1.000000
1.000000
0.110987
0.016384
-1.000000
0.000825
0.170048
-0.021254
0.430400
0.000000
0.123779
-1.000000
-0.288000
-0.790285
0.000000
0.000000
0.000000
1.000000
-1.000000
0.000000
0.000000
0.000000
-0.200000
-0.200000
0.000000
0.000000
0.000000
0.000000
-0.360000
-0.200000
0.000000
0.000000
0.000000
0.000000
-0.027635
-0.079767
0.067787
0.000000
-0.040000
-0.488000
-0.019456
-0.193467
0.000000
-0.064992
0.000000
0.000000
0.000000
0.000000
-0.040000
0.000000
0.000000
0.000000
0.000000
0.000000
-0.200000
-0.200000
0.000000
-0.167936
-0.081920
-0.478824
-1.000000
0.000000
0.000000
0.000000
0.000000
0.000000
0.000000
0.000000
0.000000
0.000000
0.000000
0.000000
0.000000
0.000000
0.000000
0.000000
0.000000
0.000000
0.000000
0.000000
0.000000
0.000000
0.000000
-1.000000
0.000000
0.000000
0.000000
0.000000
-0.052480
0.000000
1.000000
-0.832228
1.000000
-1.000000
0.000000
-0.658520
-0.590400
0.046016
0.000000
-0.219657
1.000000
1.000000
1.000000
1.000000
1.000000
1.000000
0.000000
0.000000
0.000000
0.000000
0.200000
0.303573
0.200000
0.000000
0.000000
0.200000
0.000000
0.360000
0.639465
1.000000
1.000000
1.000000
0.590400
-0.200000
0.200000
0.000000
-0.200000
0.164922
-0.051171
0.000000
0.000000
0.360000
0.360000
0.155657
-0.085145
-0.360000
1.000000
0.000000
-0.577856
-0.950008
-0.182820
1.000000
0.000000
-0.040000
1.000000
1.000000
0.360000
-0.222040
-0.379114
1.000000
0.360000
1.000000
-0.046423
0.017855
-1.000000
-1.000000
-1.000000
-1.000000
-1.000000
-1.000000
-1.000000
-1.000000
-1.000000
-1.000000
-0.200000
-0.328000
-0.200000
0.000000
-0.200000
0.000000
-0.793474
-0.200000
0.025600
0.200000
-0.360000
0.000000
-0.541675
0.360000
-0.348625
-0.012701
0.000000
0.000000
0.000000
0.000000
0.000000
1.000000
0.000000
1.000000
0.000000
0.000000
0.000000
1.000000
0.000000
0.000000
0.000000
0.000000
0.000000
0.000000
0.000000
0.000000
0.000000
0.000000
0.000000
0.000000
0.000000
0.000000
0.000000
0.000000
0.000000
0.000000
-0.200000
0.000000
0.000000
0.000000
0.000000
0.000000
0.000000
0.000000
0.000000
0.000000
0.000000
0.000000
0.040000
0.000512
0.000000
0.000000
0.000000
0.000000
-0.044096
0.000000
-0.007403
-1.000000
-0.360000
-0.645348
-0.200000
1.000000
1.000000
1.000000
0.360000
-0.008000
0.200000
0.319361
-0.012800
0.266081
0.556885
0.000000
0.000000
0.360000
0.703431
0.579245
0.527147
1.000000
0.123963
0.100457
-1.000000
-0.037789
-0.028584
-0.114524
0.196800
-0.009615
-0.029030
0.000000
0.000000
0.000000
0.000000
-0.040000
1.000000
0.200000
1.000000
0.000000
0.060480
-0.200000
1.000000
0.000000
-0.270400
-0.312320
-0.460637
0.000000
0.000000
0.000000
0.000000
-0.200000
0.000000
-0.441920
-0.360000
0.008000
-0.141745
-0.360000
0.000000
-0.241920
0.000000
-0.706147
-0.051146
0.000000
0.000000
0.000000
-0.672320
-0.384320
-0.526308
0.000000
0.000000
0.006400
0.488000
0.076965
0.108866
-0.085983
-0.426815
-0.434752
-0.012686
-0.544503
-0.027954
-0.293777
0.000000
0.000000
1.000000
-1.000000
0.040000
0.000000
-0.040000
0.000000
0.000000
0.000000
0.000000
0.000000
0.000000
0.000000
0.000000
-0.032000
0.000000
0.000000
0.000000
0.000000
0.000000
0.081793
0.000000
0.000000
0.000000
0.000000
0.000000
0.000000
-0.009447
0.000000
0.000000
0.000000
0.000000
0.000000
0.000000
0.000000
0.000000
0.000000
0.000000
-0.052480
0.000000
0.000000
-0.006037
0.000000
-0.246129
1.000000
1.000000
1.000000
1.000000
1.000000
1.000000
1.000000
1.000000
1.000000
1.000000
-1.000000
0.000000
-1.000000
0.000000
-1.000000
-0.288000
0.000000
-1.000000
0.628020
0.000000
0.672228
0.157005
-1.000000
-0.360000
0.302400
0.040000
0.010581
-1.000000
-0.046781
0.000000
0.000000
-0.360000
0.000000
0.000000
0.000000
0.360000
0.000000
0.200000
0.818229
-0.200000
0.000000
0.000000
0.160000
0.483394
-0.056253
0.000000
0.000000
0.000000
0.000000
0.000000
-0.245199
-1.000000
-1.000000
-1.000000
-1.000000
-1.000000
-1.000000
0.000000
-0.488000
0.000000
0.000000
-0.360000
0.000000
-0.555757
1.000000
-1.000000
0.000000
0.746212
0.592517
0.200000
-1.000000
-0.334400
0.000000
0.441366
-0.467520
-0.040000
0.000000
0.000000
-0.072923
0.000000
-0.023264
-1.000000
-1.000000
-1.000000
0.000000
0.000000
-0.209920
0.000000
-0.200000
0.053497
0.000000
0.000000
0.000000
0.000000
0.000000
0.000000
0.000000
0.000000
0.000000
0.000000
0.000000
0.000000
0.000000
0.000000
0.000000
-0.095091
-1.000000
0.000000
0.000000
0.000000
0.000000
-1.000000
0.000000
0.000000
0.000000
0.000000
0.000000
-1.000000
0.000000
0.000000
0.000000
0.025920
0.000000
0.000000
0.000000
0.000000
0.000000
-0.005816
0.000000
0.000000
0.000000
0.000000
-0.200000
0.177451
0.000000
0.000000
0.000000
0.060480
0.000000
0.074611
0.004096
0.000000
0.000000
0.000000
0.047168
0.000000
-0.101608
-0.200000
0.000000
0.390400
0.000000
0.200000
0.243114
0.732626
0.013810
0.000000
0.203693
-0.374148
0.147571
0.167846
1.000000
-1.000000
0.000000
0.000000
0.200000
0.000000
0.000000
0.000000
0.000000
0.655936
0.000000
0.000000
0.000000
0.000000
0.000000
0.000000
-0.006400
0.000000
0.000000
0.000000
0.000000
0.000000
0.000000
0.000000
0.000000
0.479197
1.000000
0.000000
0.026095
-0.007240
0.138201
0.116540
-1.000000
-0.200000
0.040008
0.012437
-1.000000
1.000000
0.672320
0.288000
0.000000
0.000000
0.000000
0.000000
0.000000
0.000000
0.000000
0.000000
0.000000
0.000000
0.000000
0.000000
0.000000
0.000000
0.000000
0.000000
0.000000
1.000000
0.000000
0.000000
0.000000
1.000000
0.000000
0.000000
0.000000
0.000000
0.000000
0.000000
0.000000
0.000000
0.040000
0.200000
-0.040000
0.014475
0.000000
0.000000
0.000000
0.200000
0.000000
0.200000
0.832698
0.000000
-0.032000
0.200000
0.676971
0.934598
0.418377
-1.000000
-0.200000
0.200000
0.000000
-0.088894
-1.000000
-0.273898
0.000000
0.200000
0.200000
-0.097600
-1.000000
0.101303
0.288000
0.170995
0.115761
-0.289600
0.000000
0.000000
0.000000
-0.136697
-0.346870
0.000000
0.000000
0.200000
0.360000
0.462400
0.535925
0.360000
-0.098206
0.200000
0.531851
-0.028981
0.468474
0.235374
-0.488000
-0.536667
0.000000
0.033491
-0.194609
0.025600
-0.312784
-1.000000
-1.000000
-1.000000
-0.360000
0.000000
-0.709731
0.000000
-0.575094
-0.447356
1.000000
0.360000
0.462400
0.000000
1.000000
-0.258532
-0.027601
-0.007046
-0.011479
0.003176
-1.000000
-0.200000
-0.082152
-0.081390
0.000000
0.000000
0.000000
0.000000
0.000000
0.000000
0.000000
0.000000
0.000000
0.000000
0.000000
0.150054
0.000000
0.000000
0.000000
0.000000
0.000000
0.000000
-0.100066
1.000000
-1.000000
0.000000
0.000000
0.000000
0.000000
0.000000
0.000000
0.000000
0.011483
0.000000
0.000000
0.000000
0.000000
0.000000
0.000000
0.000000
0.000000
0.000000
0.040000
0.000000
0.000000
-0.035154
0.000000
-0.011990
0.176897
1.000000
1.000000
1.000000
1.000000
0.000000
0.000000
-0.488000
0.626445
-0.002213
0.744233
0.127203
0.188263
0.000000
-0.074312
-0.672320
0.000000
0.000000
0.000000
-0.124696
-0.115122
0.000000
0.000000
0.000000
-1.000000
0.339114
0.797731
0.206454
0.416320
0.172361
-0.014467
0.000000
0.000000
0.000000
0.000000
-0.200000
0.000000
0.000000
0.000000
0.000000
0.000000
0.000000
0.000000
0.000000
0.000000
0.000000
-0.375114
0.000000
0.000000
0.000000
0.168000
-0.175142
0.200000
0.002054
-0.863104
0.000000
-0.268112
-0.198446
0.000000
0.000000
-0.026758
-0.215448
0.174434
0.000000
0.000000
0.000000
-0.040000
-0.360000
-0.397778
-0.200000
0.000000
-0.160000
0.000000
-0.360000
-0.025600
0.000000
-0.404349
-0.147456
0.000000
-0.408356
0.274852
-0.300280
0.000000
0.000000
0.000000
-1.000000
0.000000
0.000000
0.000000
0.000000
0.000000
0.000000
0.000000
0.000000
0.000000
0.000000
0.000000
0.000000
0.000000
0.000000
0.000000
0.000000
0.000000
0.009134
-0.200000
0.000000
0.000000
0.000000
0.000000
0.000000
-0.011520
0.000000
0.000000
0.000000
0.000000
0.000000
0.000000
0.000000
0.000000
0.000000
0.031476
0.000000
0.000000
0.000000
0.007616
0.017025
-0.290375
0.544320
0.000000
0.010192
0.790285
-0.200000
0.000000
0.072000
-0.488000
0.000000
0.014476
0.128961
0.000000
0.072000
0.000000
0.174880
-0.170241
0.000000
0.000000
0.000000
0.000000
0.000000
0.000000
0.000000
0.000000
0.000000
0.000000
0.000000
0.000000
0.000000
0.000000
0.000000
0.366541
0.000000
0.000000
0.000000
0.000000
0.128000
0.011507
0.000000
0.000000
0.288000
0.200000
0.335588
0.393208
0.488000
-0.075617
0.000000
0.461081
-0.210185
0.361042
0.230820
-0.906659
0.000000
-0.630285
0.024411
0.000000
-0.219332
-0.199887
0.000000
0.000000
0.200000
0.000000
0.000000
-0.424564
0.200000
0.021109
0.010799
-1.000000
-1.000000
-1.000000
-1.000000
1.000000
-0.040000
-0.717037
-0.072000
-0.761315
-0.377560
0.000000
-0.765883
-0.420008
0.011405
0.000000
0.000000
0.000000
0.000000
0.000000
0.000000
0.000000
0.000000
0.000000
0.000000
0.000000
0.000000
0.000000
0.000000
0.000000
0.000000
0.000000
0.000000
-0.015376
1.000000
0.000000
0.000000
0.000000
0.000000
0.000000
0.000000
0.000000
0.000000
0.000000
0.000000
-0.118932
0.000000
0.000000
0.000000
0.000000
-0.040509
0.000000
0.000000
0.038080
-0.047225
0.000000
-0.061457
0.000000
0.005577
0.241912
0.000000
0.000000
-0.008000
-1.000000
0.168208
0.305933
0.002377
0.804846
-0.032642
0.406995
0.000000
0.000000
0.000000
0.200000
0.360000
-0.085510
0.000000
0.000000
0.200000
0.200000
0.000000
0.360324
0.019187
-0.085261
0.000000
0.490858
0.000000
0.403265
0.363002
0.462400
0.000000
-0.006584
0.571483
0.017462
0.193554
0.239345
0.034381
0.470421
0.097835
0.049274
0.000000
0.469700
0.251725
0.309160
0.169511
-0.200000
0.000000
0.000000
0.000000
-0.128000
-0.357852
0.000000
0.000000
-0.200000
0.000000
-0.200000
0.015360
0.000000
-0.450315
-0.360000
-0.020480
-0.415094
0.004325
-0.350011
1.000000
0.000000
-0.113920
0.000000
-0.774673
-0.011040
0.000000
-0.553651
0.000000
-0.366195
-0.200000
-0.403164
-0.241550
-0.031594
-0.429809
-0.030020
-0.305199
-0.200000
0.000000
0.020429
-0.456183
0.000000
-0.374412
-0.033536
-0.357503
-0.225835
0.000000
0.000000
0.000000
0.000000
0.000000
0.000000
0.000000
0.000000
0.000000
0.033739
0.000000
0.000000
0.000000
0.016308
0.034673
-0.244603
0.000000
0.000000
0.000000
0.000000
0.000000
0.000000
0.000000
0.000000
0.000000
0.000000
0.000000
0.061197
0.001600
0.000000
-0.069776
0.259389
0.000000
0.000000
0.000000
0.000000
0.012073
-0.214407
0.000000
0.000000
0.008000
0.000000
-0.000328
0.158266
0.011955
-0.283715
-0.016198
0.234124
-0.270848
0.197017
-0.079437
